10
100
65 -53 17 -57 -50 14 -25 -74 56 65 -39 43 -34 -86 -97 -30 -72 -26 64 -80 -19 34 -19 -61 -28 12 26 33 -22 -5 77 7 84 52 92 27 86 -18 -37 -86 8 30 27 -67 42 -68 96 16 59 9 12 1 -87 -82 13 41 26 -21 69 -81 -33 -80 56 -49 63 -85 93 -52 -73 -7 -29 -82 59 -25 58 -30 97 -9 -95 -100 -15 -70 56 89 16 -95 -13 -63 85 -93 -94 -92 36 32 -77 -94 53 -46 10 -82 48 76 47 -10 -92 75 -34 -84 -70 -76 100 55 22 -61 -75 -93 -62 31 -71 56 22 51 -90 66 -12 62 -57 27 -65 -36 49 50 -54 62 -83 86 -40 -74 -83 -17 -39 -64 92 -39 -96 11 -35 -24 -78 15 15 -6 66 -21 -81 62 56 -90 -25 56 -11 39 80 92 1 77 -16 -73 21 -48 -57 -84 -73 7 -94 75 -52 -14 85 66 -87 31 -64 76 6 -13 86 -95 -13 53 -74 85 51 -49 43 -87 -88 6 67

-31 61 27 -97 -36 -69 -60 60 24 39 78 -91 -6 79 15 62 87 -9 -34 -9 20 35 -27 -14 14 82 84 13 93 55 -14 28 -76 -14 56 60 -72 -28 88 -54 -35 -53 19 -27 54 93 -50 -56 46 27 -26 -93 11 -61 -77 3 -42 -15 -37 93 -85 -35 -93 -44 28 91 -73 -39 60 29 40 0 62 67 -55 14 20 -35 12 45 19 75 -30 -66 -84 -32 35 5 -89 -10 30 13 2 -14 12 -47 17 -44 90 -31

100
16 27 89 -47 -59 60 -82 -32 -75 -12 22 -40 -66 14 -30 -67 -15 -34 -50 -28 -93 -71 7 -96 49 -57 21 57 -26 -56 -9 41 -71 30 51 -64 -70 -79 12 90 47 90 75 84 -20 97 -50 49 93 43 -13 83 17 57 6 -25 -89 -2 -38 -77 96 -93 -93 -28 -1 100 81 -56 64 -88 71 -8 69 47 81 -72 -40 -57 -86 53 -56 -34 -14 -84 -22 96 -58 54 -67 -18 76 -43 -1 -57 -7 61 55 68 -43 10 60 -35 -92 -20 -8 16 -6 49 -21 37 94 -96 -11 22 -38 -5 -34 -80 40 71 29 -54 -83 -48 9 -55 86 -92 97 -12 -38 -95 25 -91 31 34 5 0 -50 70 -42 -56 62 -43 -92 -36 76 38 11 -97 18 -36 9 -83 28 75 84 71 -67 -47 0 -92 -96 -32 48 -91 -90 -78 33 -51 9 1 -68 43 93 -96 35 -20 -96 -48 -1 51 82 92 -19 -59 -55 -57 -58 46 25 -70 57 22 36 34 -65 -85 100

44 -93 37 94 45 -88 50 -96 2 97 -65 -19 -57 67 -20 59 -58 59 -34 28 86 -74 93 24 -79 -3 42 46 -72 -70 48 -96 -22 61 96 -93 -73 73 90 -12 96 -27 -75 -79 -5 97 -18 14 -55 2 -92 98 16 -19 39 -49 -42 -100 11 -64 -4 55 -25 93 -40 -65 88 45 -37 57 17 58 -8 51 16 37 5 -55 41 -11 -4 -97 -19 -97 25 8 58 53 -65 46 48 73 -32 -34 99 41 61 -56 -21 46

100
49 -3 -95 4 -36 -37 30 49 -41 74 -50 79 -14 23 -99 67 -72 80 -91 8 29 -10 -52 -43 -4 -36 -35 -69 45 13 41 -19 67 -27 60 -45 72 -92 22 -5 32 -10 58 -80 -18 -99 31 -39 54 9 54 69 -7 -64 -61 -90 74 -96 -61 -58 -23 45 -86 55 97 6 -21 76 -14 9 -10 -29 -94 36 -12 91 -22 -17 23 -31 68 -90 64 9 -46 0 -76 66 58 -87 -2 -33 -32 -65 24 -9 -46 80 -83 -16 -81 36 -74 38 -27 -27 79 -33 35 70 80 -39 -97 -83 3 53 64 60 -4 -13 90 -53 -23 -26 -18 4 48 85 87 16 2 36 -63 68 -47 33 80 -71 95 -55 62 -30 -13 -60 -45 85 30 -85 -23 -77 90 37 -7 -7 15 -90 -46 56 93 -79 -42 45 -14 -62 -74 67 -15 -9 -58 20 -32 -80 -6 14 30 33 19 -12 28 -5 -72 99 -62 60 71 69 48 -79 -20 38 39 -69 57 24 -23 23 55 88 85

-57 77 -95 -32 -19 73 -83 -59 91 -100 -1 -79 -28 -89 57 -47 81 19 -72 -56 97 -23 13 -4 71 -2 54 -55 -99 -10 -79 -33 59 74 -8 -54 -17 -43 15 -21 -37 33 90 -34 28 28 66 -96 15 -16 -15 -71 -97 64 -10 -29 28 9 -32 79 -63 96 55 -11 -27 -6 70 -91 -17 -91 87 -96 89 -4 -82 -31 -63 29 73 47 -93 6 -77 35 -56 64 -32 -52 83 -30 64 27 -65 -15 -20 -78 12 -95 85 -86

100
-99 17 -4 0 -56 -47 -45 80 -34 -70 -20 45 79 51 6 -41 -77 82 98 2 -27 21 -57 71 83 -4 51 10 -96 -91 -67 57 -90 -92 15 96 95 69 37 -10 56 49 -65 13 83 58 -93 3 -96 -23 -24 32 51 45 -28 -27 -9 71 72 17 -24 -29 1 100 46 58 -5 -49 -92 -85 60 69 66 -8 84 -41 84 34 -59 -87 14 -77 29 43 -98 89 98 -49 -13 5 35 20 77 63 20 -87 -92 37 -81 4 78 -2 -14 69 15 -29 -32 69 70 -45 -55 79 77 98 39 4 49 -74 -34 67 -86 14 59 -81 12 -8 -86 44 62 48 28 86 93 -62 50 -78 0 -26 70 -25 -7 -6 -13 42 -32 -89 86 85 52 65 -77 96 13 89 -51 11 50 60 -16 -99 -97 89 25 -98 71 56 -59 -50 -29 -87 9 100 34 100 14 95 -51 15 3 94 84 -51 51 68 85 -41 80 -17 -5 -32 -15 69 34 10 50 92 19 -78 75

-26 87 -75 57 -61 -54 -37 13 -88 78 11 48 -70 -4 -40 -50 -9 -68 51 -48 84 -97 -58 -53 82 65 15 3 47 6 -25 42 2 -74 8 38 -16 -67 34 -82 54 3 98 -31 -5 2 -49 65 -66 33 -22 -29 -88 -96 -24 -36 -47 23 -93 1 87 85 25 48 5 80 23 53 -82 -45 62 20 87 32 -66 73 -17 57 43 74 50 74 -56 89 14 -43 77 36 -67 60 25 -88 18 -19 97 -35 -26 9 -37 44

100
29 -41 -33 61 75 -30 100 65 -78 5 6 -40 -46 68 -13 72 -94 -74 12 -76 96 -28 -65 3 -58 36 -35 -44 56 52 -63 -73 44 1 64 52 92 55 100 20 15 60 -6 3 -24 -67 -100 -17 -50 -5 -35 77 21 60 66 10 -5 -17 -74 33 81 1 -56 -54 1 -31 -3 -2 44 -44 -97 9 -51 -3 -33 -49 -53 88 59 -93 -30 -58 85 72 31 -43 10 -18 18 -33 84 -16 -34 34 12 13 -94 -77 -22 30 -96 -53 95 -73 -84 13 -77 -1 -42 -34 76 22 -17 85 90 -94 37 -18 40 69 60 33 16 62 18 -22 -16 -8 -55 10 -44 -13 -93 89 -31 43 -66 98 -89 -59 56 78 90 -35 -79 -29 -46 -86 -39 6 31 51 61 -6 -12 72 44 64 22 91 -62 16 -78 -73 -55 -92 43 72 59 -99 -25 -87 11 -44 10 21 27 24 -83 91 7 28 -68 94 59 66 31 -91 98 -16 -39 68 1 -67 89 -100 58 -31 91

-73 88 -37 42 -62 -81 -29 -36 67 15 -13 -70 81 -64 -78 -24 31 69 73 -72 -99 -48 52 87 -66 15 -36 41 -38 -95 56 49 -83 -16 42 -71 -40 55 100 -67 46 62 21 -58 20 -61 -60 47 58 26 39 21 -75 56 26 -9 -91 -100 15 -58 -62 -25 -65 -39 71 33 -57 20 68 83 -59 6 63 44 -35 -21 -80 -5 -61 -98 46 42 -36 -70 84 -43 65 -6 -37 -35 -34 -56 0 86 -25 -64 -69 33 56 52

100
63 47 50 55 -4 -98 63 -53 -65 32 13 66 37 16 -76 15 11 -35 64 95 -15 38 -70 -97 -27 74 -99 -25 -33 -81 93 -70 39 69 -9 76 -58 98 -82 -35 -93 6 -57 -12 -60 -84 25 15 -67 -93 -12 5 -85 -63 -70 77 -56 56 25 71 70 -31 -54 -32 -7 -35 31 -56 83 -58 62 18 -40 -83 -98 -36 46 89 -23 78 -43 4 73 44 6 -26 -60 -50 10 -25 -27 -48 -63 -21 37 41 -77 82 34 -20 26 66 43 -31 60 -100 97 -75 -16 71 41 -83 10 -11 -98 -57 55 -65 -97 32 -57 -99 -20 -22 45 76 -34 -90 -70 -7 -11 20 -61 99 66 28 -76 20 55 12 38 94 95 -96 90 68 -96 -49 38 28 -1 12 83 -33 -81 -95 -88 -64 53 -69 -59 -46 6 -67 -46 -42 46 1 -65 -1 25 -89 -89 33 72 69 15 -16 49 -64 15 -96 -27 98 67 90 -84 12 31 -11 -1 45 -21 -50 -91 30 39 -25 19

60 -7 18 14 18 32 -71 -17 100 -3 -31 77 57 2 43 -63 -21 54 -32 -88 -29 -94 -79 8 69 61 -43 40 49 86 3 3 59 67 96 -62 8 8 -14 -61 19 89 77 16 -11 -81 46 -80 90 -8 -4 41 -100 -8 -37 -40 100 12 87 -59 -72 -34 15 -4 65 -88 -87 -2 47 36 -89 24 54 100 -25 17 -94 5 10 -86 -37 -29 11 65 -88 26 78 -20 -58 63 -90 -100 -90 62 -65 -86 57 -36 43 76

100
74 -61 4 -24 -50 28 -96 14 32 -66 14 -1 -51 66 -30 21 30 33 27 87 3 44 -93 39 -31 63 42 40 -6 22 -40 -68 -70 35 -59 -51 92 -21 -39 -31 -71 34 -77 23 18 -30 -27 -38 31 76 65 41 57 -37 -8 -32 -58 14 -64 -57 -35 -54 -4 67 87 -31 -23 -34 73 16 -59 72 48 60 7 -44 -73 -17 -92 42 -51 39 -88 -13 67 -74 82 -16 -86 57 -68 -41 10 26 -97 29 0 97 -59 -38 -44 13 -16 53 42 -46 -17 13 -21 14 -23 73 36 -71 -84 4 -27 9 -80 43 -27 -91 87 87 31 76 11 -81 37 -61 59 5 10 -59 -66 96 -39 43 24 60 -84 -83 22 -22 -81 80 -11 3 -25 5 -75 34 18 -43 52 26 -97 -68 -79 45 35 67 4 -87 -86 -44 14 -88 64 -5 65 -74 95 25 7 44 -14 -99 44 -73 96 31 -12 94 33 -77 91 92 70 76 81 -23 -40 22 -86 -94 11 -68 2

37 1 26 -37 -3 -12 98 60 37 -49 36 21 77 34 41 -16 95 -66 -75 -77 -61 -77 44 62 -47 -89 -62 -50 -74 -42 -4 -79 -21 23 65 -10 -78 5 -28 47 42 -85 43 86 96 -40 -10 86 -85 30 13 71 -39 -40 96 -4 -2 26 -46 51 -12 -87 43 -63 -3 28 28 42 20 -17 42 42 -87 -67 -98 63 53 37 14 57 44 75 70 -73 -48 99 80 48 85 -27 -24 46 56 97 71 -83 -76 50 -21 -26

100
58 -36 40 66 -64 -16 98 100 35 -62 11 -44 40 35 -34 -31 -84 -71 -70 35 40 62 74 2 88 37 -55 -14 -8 -74 -90 57 28 64 -16 -65 -70 7 -45 76 -56 -42 9 84 58 58 -34 13 76 93 -34 -33 76 19 70 43 -83 -94 -84 20 32 -9 -64 62 -78 93 19 17 -43 8 -23 100 62 -77 12 92 74 61 78 -42 -93 21 48 11 -99 86 -64 -54 66 -91 -3 75 77 5 1 55 -34 -59 -19 -73 -78 25 -24 -48 77 -69 59 -86 74 -13 50 71 -22 -42 -30 58 27 35 55 -40 16 -38 -21 -60 -73 -90 8 -57 -24 56 -63 -72 95 67 -56 -56 -29 -44 -22 -87 -86 -52 -98 -36 1 -65 27 4 51 -36 1 -71 74 77 -62 -22 -77 -61 -48 45 35 -49 -92 57 -57 16 -57 -56 -80 -15 -75 87 -50 54 -72 69 14 44 -24 -43 -9 -23 39 52 -2 -56 12 45 -18 80 36 95 -2 -22 -50 -29 -34 -40 91

-56 59 78 12 87 -87 27 51 100 28 -22 36 61 -54 -59 -44 87 39 -59 -65 51 -87 71 -11 34 71 42 -60 -90 14 -82 7 -18 21 83 -53 -43 -28 50 91 92 -76 -88 -19 54 31 -5 -33 56 -83 -70 -54 59 -74 -33 84 -51 -24 82 -91 63 36 81 18 22 65 8 2 -36 36 -46 72 -91 22 -80 -13 -97 -57 34 6 26 -10 65 27 0 -15 74 -24 -6 46 -82 87 36 -6 -66 -65 69 59 12 -32

100
-94 44 -27 73 -77 9 -25 2 7 -50 99 -2 -95 -17 -87 -90 -82 63 58 -3 -17 42 16 -54 62 -58 -62 -59 -26 -45 -94 -32 -18 -78 -56 2 98 -49 9 -40 100 4 73 82 -90 -41 -26 -84 10 86 -78 -25 -2 -25 -56 -37 -87 43 -95 -95 81 -7 81 37 -28 1 48 -33 84 88 50 -36 30 -89 33 -8 89 -41 94 3 -12 -86 59 -18 37 60 79 -65 -81 -37 -52 -60 29 -98 59 -14 67 30 -43 39 -96 -92 47 -74 8 95 77 -49 7 61 -23 70 17 -61 -15 73 -68 2 54 7 95 -93 -29 7 51 14 -30 58 95 -30 -8 -40 -35 -49 -32 -85 -29 -54 59 -85 -37 -30 -49 -95 19 -7 89 9 -32 90 -39 -2 -23 -58 95 60 -49 -55 18 -57 -17 -69 -64 -53 -93 89 39 79 80 -45 -66 23 28 -34 -73 -47 49 35 -10 -60 -24 -78 -17 66 43 64 4 -70 -93 57 62 -36 19 -38 -81 -49 -94 -22 -76

-54 80 -4 -30 15 -17 42 10 95 19 35 81 27 76 -28 -88 91 58 8 -72 45 86 -41 -7 -31 10 35 72 86 47 51 -20 3 2 -42 -52 -45 77 97 55 -23 -54 14 -5 -83 91 42 41 33 -34 86 100 -70 -42 -2 -96 -29 -84 30 43 88 -94 72 -41 58 -45 89 69 25 -96 47 58 -15 66 71 -100 40 23 -69 -70 85 -5 52 -6 43 -87 89 -8 -70 22 -22 -45 76 -53 54 -24 -28 -88 -65 28

100
8 -56 15 -34 -95 81 76 43 38 36 -7 -95 35 98 59 92 0 -29 20 -29 -41 68 26 -28 94 28 70 -9 89 6 -21 40 69 47 29 -6 -52 87 72 -10 -62 -87 -59 30 97 30 71 100 -85 -63 7 54 -40 85 -37 72 -45 -64 25 -16 96 -44 29 64 -15 60 -48 -90 -94 -10 32 -17 -33 -95 84 -99 37 -100 0 9 22 -45 6 -77 -32 16 -99 84 51 67 -67 -75 75 -21 -33 -45 88 -58 -18 66 77 7 -34 36 -54 -22 -76 59 61 -97 -40 34 -86 -88 89 92 -37 11 -53 23 2 -63 -93 40 -78 -21 -40 14 26 -18 43 -24 3 50 54 57 67 32 11 -42 92 -20 66 68 28 -45 -20 -82 60 -74 70 55 18 16 -18 -28 -65 -65 68 23 53 -100 -38 79 60 -83 -59 35 -32 -25 61 -4 -73 8 -78 58 -58 -27 31 -34 -4 -69 -31 38 -88 88 -42 -26 79 -19 41 -45 -8 80 -84 -47 81 62 -34

-54 92 94 -2 80 -99 81 -55 -52 -48 -74 -65 14 99 -21 98 -42 -32 65 -41 -97 82 29 -16 -21 52 -46 92 5 -94 18 4 63 72 87 -26 85 42 28 -45 7 -58 47 91 -24 -30 69 20 73 16 17 12 75 64 35 -79 0 51 -92 -44 -86 39 -81 1 -53 -13 -6 55 -36 72 81 51 45 0 32 -72 74 2 88 -77 -43 26 -16 32 45 -3 -2 -66 -13 -92 13 -41 10 56 -75 78 -23 68 -46 86

