10
5
-1 41 34 56 84 34 -57 68 66

-21 -67 -99 85 -20

5
-35 29 95 79 50 -77 -85 -56 -98

72 -52 -95 -82 25

5
84 -53 -31 -10 94 74 5 -35 70

68 -20 -56 -13 -98

5
-12 9 13 -38 -23 44 65 60 30

-67 8 46 7 13

5
17 69 -45 -19 -50 60 90 83 71

-43 20 -36 19 -87

5
-65 -23 -58 -56 80 -59 40 -20 57

-70 -19 27 84 27

5
-43 87 -5 -57 -9 36 -49 26 36

-17 3 29 87 -77

5
73 -9 -24 -10 36 -38 100 9 67

-18 -64 -69 98 -65

5
-6 -97 65 9 38 -85 85 -40 -40

82 46 -14 -87 -54

5
-86 19 44 63 -23 78 74 -86 -98

-46 -96 -26 49 -19

