10
25
5 -70 20 12 72 -89 -25 -43 77 -20 -90 79 -58 -20 62 -53 12 -88 36 -37 9 -68 -35 60 22 36 -7 -45 55 95 -42 -92 -55 -73 -78 -3 -93 -85 -73 -49 47 30 8 -13 92 -53 59 -95 -83

-78 -87 -16 -53 66 84 11 93 11 -26 18 -32 21 96 4 68 -29 -42 83 22 -25 65 26 23 -5

25
96 -63 -13 -96 54 48 -42 -91 -62 15 65 -16 71 -3 -63 41 91 41 -46 -22 87 -5 -18 -90 -93 21 -80 -13 -90 90 -44 -70 94 76 79 -21 87 -95 -13 -85 31 93 -1 -2 -42 68 22 -18 -79

-75 -20 -36 35 27 51 -57 36 -40 82 51 100 -65 -95 43 -74 -47 -27 43 -15 -99 -69 93 42 -55

25
-90 43 -43 -75 51 -29 -83 -59 -52 64 82 -39 -56 49 80 83 5 -75 17 -92 39 -4 93 -54 93 55 -95 -90 -34 65 -11 27 43 55 -23 42 5 -33 -27 21 100 -80 -78 -28 -46 65 35 59 -98

36 -2 46 13 -37 77 -5 74 -66 -54 -82 -89 -90 -85 -32 -89 88 -95 -99 -100 -56 -56 98 -14 -88

25
60 -19 -57 -67 61 67 -39 -33 -23 -71 43 7 -27 50 -57 6 12 47 -31 11 8 62 -68 25 -26 -94 -37 1 53 0 -37 -58 90 78 -56 -28 -11 48 97 53 56 8 62 90 55 -53 -74 -84 -92

25 -66 -54 14 -13 18 99 71 -52 48 -88 70 26 -75 -73 91 -93 -95 -63 86 -18 59 -42 -4 64

25
-94 56 37 83 -16 97 69 -3 35 68 34 -56 61 -3 -10 12 -25 -70 -29 40 50 86 0 13 -21 -49 99 76 -52 -57 0 -83 28 -100 33 -18 -32 -7 -37 -60 -39 -50 56 59 -1 58 24 61 24

31 64 25 43 27 -77 -27 14 -57 -17 61 -99 -31 -16 -50 -85 -27 -51 62 83 58 53 43 -22 -83

25
-60 -6 22 -54 -89 -87 -35 12 -4 -20 -16 40 -10 100 59 91 23 -96 -57 69 93 77 -95 -6 -32 -52 -84 -46 -15 14 94 63 94 -18 -20 -61 68 -97 -55 -2 73 7 -7 67 77 -76 -11 66 -97

49 -19 40 8 -6 -34 -81 55 -29 -93 -94 -48 20 -4 87 -18 6 32 -98 -88 -24 -50 -31 100 -48

25
71 54 9 95 -78 73 -68 -42 3 7 64 -90 67 94 17 14 -84 64 -78 -7 -74 -54 15 99 30 86 -86 65 19 -61 64 11 100 35 88 -2 65 -37 36 -66 7 45 8 -59 94 43 -77 -12 80

41 87 55 -83 -79 -42 54 34 8 16 24 98 -50 75 -31 22 -21 30 -27 39 78 -46 74 23 -83

25
33 -58 -3 31 -12 -58 63 -62 -68 -12 73 15 19 -90 -38 35 -67 93 -58 78 62 68 60 -38 -22 -50 -44 -89 9 99 54 -69 -10 43 -88 -49 30 32 -54 -51 -29 38 -34 66 -97 -68 76 -26 -87

72 -10 -30 -47 99 -17 86 -25 65 -57 -90 36 29 14 84 84 22 -12 -39 9 -15 25 82 -86 -98

25
70 -8 -22 -40 -65 52 94 -42 -64 -31 -22 19 44 -19 34 26 -36 51 38 -97 49 81 29 33 55 62 -47 31 -38 -4 80 57 50 22 22 -18 97 7 75 -16 44 -89 -37 -81 -55 -20 -26 27 -44

-49 -12 -96 66 72 64 -13 44 -64 73 43 -17 -94 15 49 -64 41 52 35 32 -59 -69 -18 -60 -42

25
35 68 100 -36 9 53 61 -51 34 -20 -8 67 -60 -39 -42 31 -72 -27 -80 -10 -92 -96 -74 7 -77 -73 72 60 -3 -11 64 32 25 13 -21 54 -92 -82 100 96 -52 41 43 -65 25 42 -19 -50 -43

-15 62 28 6 76 -74 -50 52 59 -18 -86 -56 73 5 -1 57 -2 -49 23 97 43 94 63 -7 -24

