10
50
-30 28 -33 -79 -80 -78 23 -19 22 -84 -4 20 -34 61 -88 91 3 -45 -6 76 20 78 -24 83 -44 -41 -21 83 -26 37 78 61 2 61 48 74 -23 -2 -57 -30 -34 41 40 75 -30 83 90 6 45 6 -58 42 92 28 21 3 -42 19 19 -37 23 67 -13 93 66 -86 96 92 -31 -88 4 76 92 0 90 57 67 66 -64 93 -92 70 -4 -25 -70 -44 -70 21 79 -92 5 -77 -43 71 -10 80 -48 15 -82

71 69 23 -82 -85 -82 42 -87 3 -1 19 -23 23 -52 93 -96 21 12 -33 67 -88 -81 4 99 89 -12 -49 -8 -61 -6 20 59 86 18 -24 94 -86 -41 22 70 -87 23 -36 29 -60 -25 30 46 13 90

50
-1 -19 31 2 -79 99 -54 89 -2 85 82 28 13 16 92 5 36 -40 57 95 -92 -69 -86 15 -20 -85 99 86 -40 -78 46 85 -97 14 6 36 8 60 55 30 22 -76 -31 -36 -78 46 -16 -7 5 27 90 52 -24 -42 -63 14 -92 52 46 7 -98 34 -15 17 -10 -18 -71 -86 -7 23 78 14 48 52 -70 -9 98 24 -25 16 81 -37 -72 90 -66 -33 -26 -10 -18 65 -7 44 -61 -93 -20 71 32 -22 21

52 -49 -54 -15 36 -46 -16 -34 -17 28 80 25 47 -83 59 91 -65 65 -19 87 -74 -80 -5 26 -10 -21 36 -48 17 -24 23 -8 -88 71 -16 51 67 57 40 -7 -91 -12 64 -56 18 -61 99 -72 -49 67

50
42 -100 56 5 -78 -92 66 88 -7 42 1 48 -98 52 11 -75 91 43 -10 34 -74 69 -71 -19 -30 -35 -87 54 -32 66 72 -62 30 -75 -44 -8 -77 10 56 -99 -47 46 -41 -31 7 -45 -11 -51 97 11 69 42 41 16 19 98 20 32 -24 -93 -86 78 -88 28 75 61 -76 -49 -98 37 -32 -42 70 13 29 -33 -94 36 35 10 18 1 -20 89 -12 -85 26 -14 40 -59 24 -16 3 -85 -66 55 96 2 -31

-59 -68 -20 -23 25 54 -25 -96 42 11 37 100 61 -26 -25 -71 54 97 56 -62 32 -94 -42 18 -24 -72 34 90 97 -100 -94 -82 45 95 91 -9 -69 -100 90 -49 -74 -5 55 -47 -25 -61 21 -18 71 -49

50
61 12 -8 -31 -80 -21 -43 91 71 7 8 -43 -70 9 -68 -81 100 -61 10 -39 -37 14 -11 -85 98 -33 81 -4 -59 -88 -68 -67 55 69 97 -77 27 -98 77 70 -69 85 -5 19 -66 45 94 -75 -49 80 92 22 -87 -3 -15 59 36 61 91 -89 5 28 94 32 32 -50 -100 -55 11 71 -38 -73 75 98 -93 -9 15 34 82 73 37 -8 53 -51 -54 60 -70 -50 5 2 68 -85 46 44 13 14 -65 32 57

-34 89 96 -37 -8 -48 99 -75 -13 72 61 -2 -96 -40 -30 -15 -8 14 95 92 -5 20 -37 -89 -84 -83 52 31 13 30 46 -44 -9 -78 44 -40 80 -46 45 -33 68 70 38 -1 -9 -11 42 1 71 -73

50
-93 29 -90 92 -96 18 -23 17 92 93 20 -34 2 4 -94 -8 56 -57 71 87 72 50 -37 80 79 -86 -30 -93 98 55 6 69 93 -62 -46 -97 -33 71 82 -76 24 -76 -11 -15 -62 58 -54 2 71 28 -86 55 -42 52 29 3 95 -36 -27 -72 -40 89 -92 52 -6 -34 -38 -32 -60 0 -21 17 46 74 93 93 83 -98 18 -65 81 -63 -57 32 35 70 -36 -14 -15 -53 -23 -11 -5 8 66 -87 51 84 42

-46 -24 -79 5 -63 41 -27 56 -67 -50 -1 100 -80 82 -3 -74 -18 -41 100 67 -94 17 -39 -40 30 -58 6 -52 23 88 32 58 85 83 16 4 -1 87 28 -10 -73 58 -9 -82 -60 54 -37 98 -36 -74

50
-22 -7 96 -61 56 -75 -50 -83 -10 -77 -80 -54 41 -86 -22 25 -66 34 11 -8 77 -93 -27 -86 75 -23 -55 1 46 -53 95 23 77 43 50 -66 45 -13 91 -32 14 60 93 -85 -85 -92 -66 -41 -75 35 15 89 30 58 39 87 47 -98 -100 -19 94 -76 -5 1 92 13 15 66 -80 -53 -57 52 -71 -93 -82 23 -23 -69 -79 81 63 81 -16 92 37 56 44 -57 23 84 79 92 14 -37 92 -75 -4 8 73

2 14 77 -74 63 -13 -53 66 -58 -9 77 -81 -17 43 -36 -35 -73 47 -82 73 -72 -81 18 -80 23 -65 57 34 54 68 36 -91 -73 -29 92 -72 63 -12 42 79 42 -27 -34 -100 6 32 -18 -80 27 -34

50
95 -39 1 44 10 29 92 -33 -25 47 19 -3 -64 -79 26 -13 -86 68 0 -38 -87 8 93 -93 -76 -98 -88 -37 95 -85 -39 -88 29 80 27 59 -64 7 -10 59 -18 28 -37 -44 74 70 26 0 36 95 -54 -80 38 -15 11 -31 -29 54 89 -78 67 88 -24 -30 10 76 78 -63 85 38 8 71 6 94 65 -89 -17 60 -38 -20 -46 -45 99 -57 41 59 51 29 78 98 22 16 -88 -55 -53 -21 -6 13 -93

96 -46 57 -94 -76 -30 13 -100 -72 -26 80 50 -26 -85 -16 73 90 45 3 -63 -70 99 96 -67 91 10 74 -33 -53 -28 70 3 -37 -40 20 50 27 49 -54 11 8 -28 6 -72 8 37 -79 -48 8 -21

50
91 27 -44 -33 -66 33 5 86 45 -27 14 -1 14 29 -53 97 -60 -21 42 -34 71 11 -50 -62 30 51 16 -85 20 68 -57 61 22 37 -46 18 -99 86 -98 50 -15 73 -42 -84 -12 12 34 27 -95 -91 83 2 75 -6 -31 0 -49 -93 -72 -77 67 36 99 46 -45 -37 -38 38 -90 -75 95 13 31 98 19 93 -45 12 90 -46 93 49 -73 -45 57 -12 68 21 -94 46 -57 28 54 -30 14 7 -13 12 -60

-72 -38 -10 -4 23 -89 70 -73 -80 -30 76 100 43 94 37 -82 52 22 49 34 -57 47 -95 -94 16 93 -18 46 69 -45 61 46 6 -55 -64 86 20 92 32 -46 -19 -65 54 -3 -13 -54 65 -11 30 -79

50
-72 -28 -16 -89 -28 1 -53 8 -2 22 -24 74 68 8 89 77 -29 61 58 -40 -64 25 -1 0 40 -80 -12 -82 44 94 79 -70 -48 76 -81 40 -59 -60 87 62 -51 -72 50 -16 -1 25 20 -97 -100 -73 -39 53 53 5 79 -91 -86 88 67 -96 -93 24 -80 -26 -93 89 98 -80 -14 -67 53 61 33 -73 -36 -60 46 -82 -18 47 -48 69 -98 55 -41 -97 71 -88 40 51 73 80 -37 55 -55 48 -100 -62 -10

38 74 -19 -73 12 97 92 -11 78 -5 41 -100 43 51 -87 93 -46 98 41 47 -85 -62 -89 -51 -40 -87 -35 -35 22 -74 -75 -47 20 -90 -11 1 -69 -46 -75 -72 95 68 -51 -19 53 55 -42 7 54 -34

50
-40 90 -22 20 70 -58 84 -76 -22 1 -75 -26 -21 -92 -55 10 68 38 -23 -97 83 -65 96 29 -7 -56 47 -35 45 6 26 55 97 73 82 81 -7 -54 -70 -25 76 -17 62 -88 37 -7 -43 84 23 48 22 13 -20 68 -4 -66 42 43 72 -57 76 9 -15 47 -66 -80 72 -75 94 -45 29 13 -12 1 -42 -13 -76 66 -76 41 56 -37 -16 42 79 55 -76 -67 -12 49 15 -67 -37 -12 -41 22 -81 87 15

-7 59 -22 -63 -69 -97 31 -64 -19 73 -10 -77 47 -15 28 28 23 50 100 -87 -18 -82 -6 -74 -60 -13 -3 -23 40 -29 -98 30 -43 -83 81 -34 -100 -34 -91 -93 -9 83 46 -9 -38 10 -99 -55 -20 79

