10
75
-81 82 -6 2 -55 -33 -62 37 -41 42 66 76 -59 75 58 -84 -70 40 86 -32 21 -2 46 13 -54 76 -29 5 -1 -57 38 38 78 91 -58 40 18 5 -15 91 84 -88 32 -1 -69 23 -17 -31 -21 65 -68 60 -81 -74 -54 39 55 99 -16 -51 32 89 3 -54 85 -4 8 -57 -17 -46 31 63 -33 6 38 -51 -81 -96 -35 -40 -2 26 93 -42 48 18 41 -58 45 60 -17 65 62 -98 -8 -25 80 -41 3 -66 62 21 -68 0 -24 -29 -71 -91 -4 -60 -13 48 -65 -74 -8 -100 -42 49 91 -59 -7 37 -3 97 75 80 -72 40 79 71 7 -47 -36 -28 19 48 72 86 60 -88 70 -19 66 43 67 -14 -56 -94 -64

-45 98 3 -28 96 -90 45 -17 -56 -4 -4 -32 9 0 -22 57 69 85 24 -39 -44 -17 1 64 100 -13 41 -6 74 -50 -47 25 -80 -14 75 -11 97 64 -38 -42 31 -21 24 -30 92 30 4 -72 -79 48 -77 39 95 -70 -68 16 63 95 -46 -68 67 -26 86 48 11 51 -6 15 79 -76 22 76 -95 -28 -5

75
-62 65 -1 -61 67 30 -68 64 -5 -57 89 -93 48 -12 -90 -41 21 40 98 -8 49 -2 -92 92 53 49 -99 33 16 -2 10 -35 -99 -43 -40 -49 -86 -78 61 -13 9 93 -6 -33 -95 -94 39 -70 26 78 -72 29 27 74 67 -97 -14 -16 13 -44 58 -35 -44 -38 23 -82 43 -52 -69 42 -50 -16 85 -5 -2 -47 -62 -96 46 -94 -57 -41 20 22 -81 -71 -18 23 -52 70 -15 -15 -97 -69 -71 48 -98 14 -11 88 -63 2 -81 67 75 89 -54 -31 -99 51 33 -23 -52 -75 -54 41 48 -47 39 -95 42 42 26 -70 45 55 58 -15 34 35 58 81 30 80 99 83 -67 53 -55 -23 54 -71 -4 98 -3 -43 -94 -54 -19

-17 89 63 84 -50 5 55 -44 -40 41 -90 -74 68 -75 -76 27 -57 45 28 72 72 11 -27 -45 -92 40 73 -75 35 12 -46 29 54 61 97 -34 17 -11 93 39 -19 -71 -69 14 -42 -88 -76 -2 94 -90 93 -55 37 -27 24 41 47 -26 -39 -15 -26 -87 47 -2 -75 96 -21 72 -16 -70 23 9 -51 -92 62

75
26 56 -29 25 -40 41 -34 42 -15 -87 -98 98 17 -32 69 6 -59 -67 -99 82 -28 -98 -15 -30 97 40 -28 22 -71 32 6 8 -71 11 2 -43 -83 -93 -46 -58 -27 -4 5 -75 90 -31 -26 -70 28 69 46 29 68 -42 31 -66 -96 65 91 -10 -82 -19 -22 54 37 45 59 84 -36 95 -17 23 66 -46 -39 -73 -36 14 43 -48 96 -19 -90 79 -61 62 -65 -3 67 99 18 30 80 -11 57 -93 -70 14 -3 32 -67 -80 -52 -74 65 39 12 8 -69 29 -34 58 75 65 99 80 -93 86 -18 45 16 69 29 -45 -33 0 1 -11 54 65 78 79 -77 -8 -51 18 -57 -42 -7 -60 61 2 34 37 -49 -30 90 -66 80

-78 60 -86 -60 42 -91 6 -77 -22 -66 35 2 76 -37 9 67 80 -38 31 -53 -61 -50 -73 54 28 46 -46 -91 45 75 -93 28 89 84 -64 -42 -14 47 25 65 13 -13 -31 -38 36 57 90 35 -43 -84 75 62 -27 -12 5 -64 -60 -94 -94 20 57 -45 52 29 -54 -13 60 -11 -82 -89 41 69 -2 39 25

75
35 74 -49 -47 66 12 26 -47 78 80 18 89 28 44 76 -4 94 64 -14 82 -48 33 61 10 22 -66 -66 -36 4 -56 -56 -1 64 -96 44 61 -64 -61 59 -16 92 11 -71 58 71 37 98 72 -41 35 -22 -5 10 -48 -70 -84 -48 67 22 -21 -61 -73 50 -15 81 -37 96 91 12 17 -33 -34 -78 -42 -22 28 -62 -12 93 -89 -79 -89 -1 -23 -23 75 90 -20 10 -90 -11 7 79 47 12 46 -11 90 -66 83 -45 65 -76 94 69 -48 -29 -9 54 -64 -60 36 -54 -23 -45 78 61 -50 -95 81 87 -84 2 83 -86 35 -75 -57 11 24 -38 12 19 82 -12 65 74 67 -83 45 -61 5 -84 74 -3 44 -98 78 -1

-39 70 57 -59 100 30 -17 -38 69 7 -82 51 -70 -38 80 91 53 -34 35 70 -62 49 -96 -82 -41 16 -54 -52 -53 -43 -83 73 -45 -34 -53 -86 -100 -96 18 42 41 78 -15 -13 81 58 26 -73 -10 -53 2 -92 58 100 5 -45 -4 55 -83 -11 -77 91 -74 82 95 -11 89 -11 -46 -38 -58 -10 92 -9 -54

75
-53 10 -53 -8 14 -1 -25 -93 -70 -87 70 -20 9 97 0 22 96 -77 -74 79 -45 80 13 3 -14 -58 -83 5 -97 49 95 -74 92 22 -18 -42 -85 -57 -62 56 -94 10 67 -22 11 -29 -82 34 -49 -87 -3 -15 -13 13 -42 58 2 -67 -83 49 -7 27 12 -42 4 4 -89 13 70 -84 87 -9 -6 62 -75 18 -39 57 73 -51 35 95 -51 -98 -10 -41 2 31 -62 -15 64 -6 49 27 57 91 28 31 99 -10 -87 24 52 22 76 89 -20 -61 71 54 -51 -85 7 -99 39 -56 78 -58 92 -22 -44 56 -24 56 -74 50 87 -80 52 -70 76 9 -78 46 -61 9 -95 -21 -68 -61 -33 -86 -63 -25 64 6 -72 62 -18

-54 -33 23 -26 -11 -14 -95 -29 60 16 -22 -96 70 -25 38 -7 22 88 13 -53 -35 63 -48 -46 66 22 -5 87 -46 77 31 34 -24 -38 81 97 47 16 -16 -8 -31 72 -8 45 -14 -39 -80 -70 -45 -68 84 9 -95 -28 79 -2 -61 -55 7 -30 -1 20 -67 -75 -94 74 75 -38 -12 12 87 69 34 81 64

75
-15 -15 -47 6 52 53 65 36 -94 -23 24 -39 -34 -27 48 77 22 -47 74 -98 15 -72 -18 -56 -37 -62 57 8 36 43 -79 83 -49 -29 -8 95 -3 78 56 -88 17 61 -17 99 -36 -18 25 4 -11 46 -64 -73 -49 30 -82 19 76 47 -56 71 -86 -13 87 55 50 82 83 -12 -28 -71 90 31 -97 43 -35 -13 -16 51 67 -60 -20 -65 99 -81 54 12 73 6 -89 90 -35 86 48 -14 97 80 -40 24 -92 -99 86 68 -97 86 72 76 52 -80 -35 45 47 -57 -27 -40 -25 -33 -46 -99 -47 17 -70 -93 1 30 -52 24 -11 36 -52 10 16 -40 -37 -46 55 100 40 47 26 -57 -53 14 99 49 87 6 -9 63 30

55 -93 -62 95 39 54 6 38 -63 -31 41 85 -82 -68 -59 -26 10 81 78 96 -24 -90 -28 -74 -43 27 -18 -24 -55 -63 8 42 -1 -65 -14 62 -34 47 77 -81 -4 -70 46 -86 -2 -3 98 -17 -93 6 -85 64 88 -46 -99 -15 -6 17 95 77 5 66 -56 -41 -89 59 -49 76 -29 61 31 -60 7 -50 -1

75
69 67 -2 -78 -91 -71 6 35 -17 -38 -68 61 -6 -38 -52 81 -67 5 56 93 8 74 -9 -60 -50 -100 50 -70 50 64 -2 85 81 23 51 -11 -69 88 -60 -40 -15 -41 -53 -98 -36 49 -24 28 -9 46 30 -66 70 -89 -80 25 52 -25 -22 83 -48 19 54 -19 29 53 72 48 -100 78 -77 -14 -16 13 33 95 34 49 47 -27 -41 -18 64 -17 -78 15 87 36 -47 -66 43 -35 14 -60 -65 -39 -85 13 -13 -79 -34 95 10 -71 -33 12 -98 97 52 -99 4 -68 44 92 -2 19 -53 -13 -71 89 65 -32 -4 34 18 -82 68 -6 42 -48 40 18 -8 -74 13 72 -60 48 -44 3 -66 48 64 -73 -56 96 -72 -84 74

84 38 52 72 -15 87 73 54 16 41 16 61 -75 -53 -31 -20 -59 59 61 -32 -36 -31 -91 43 92 38 -41 27 27 95 80 49 -38 -98 -26 1 41 -76 56 24 -89 75 23 -64 -80 -4 83 -66 -93 -75 -44 93 -48 -86 -21 -78 22 7 55 -68 33 -71 -74 97 -39 74 88 93 -30 -34 100 61 -83 -17 74

75
31 43 84 -15 13 -89 40 74 54 46 84 85 43 28 99 84 -83 5 38 43 58 47 20 97 51 77 -100 84 22 91 97 94 72 55 -38 -79 15 26 -42 -65 30 57 6 -20 21 39 37 -37 -69 -23 19 -61 -76 -24 -97 65 -33 -90 -69 63 -8 68 -10 27 61 -17 9 -62 40 -85 -48 -14 -58 81 -3 -26 38 -84 -35 23 -88 -19 -71 16 12 0 74 -94 -98 -20 -11 31 59 -28 -25 41 22 56 -18 -19 45 -52 -99 -20 -73 -62 86 71 68 -60 4 -30 -97 50 -12 -52 -4 25 -61 35 -69 60 -66 -79 84 -86 -44 74 60 -50 -43 65 -82 -70 -63 -64 -84 -99 -92 -10 -9 79 81 -68 -64 99 63 43 77

62 83 -14 85 89 45 11 47 -25 77 30 -71 50 -82 41 -70 -58 -95 77 -71 27 -53 -47 -82 -75 11 -58 72 -1 -52 -77 -14 -63 -66 49 89 73 -100 -64 51 36 25 94 27 58 18 -28 -4 -52 -62 70 -77 49 -83 -95 -8 65 93 -62 -31 -85 0 -100 -34 -6 -31 -27 -74 65 44 71 80 32 -29 -55

75
-15 -48 75 -51 65 -74 -61 -26 -51 -84 5 -84 74 4 37 -31 -63 -1 85 -12 37 83 63 39 55 4 -26 70 -69 -96 69 -3 -28 -5 93 -32 58 -85 -59 -86 -9 -55 -5 22 65 87 86 16 -37 47 -66 -25 -11 24 -16 49 48 -61 -30 37 -99 -15 0 -13 58 -30 -28 96 43 -54 61 -17 -46 -64 21 8 94 -31 -14 -16 -58 -84 -65 42 -19 38 -95 -23 70 75 61 100 -81 9 82 -71 -98 -80 -67 74 47 -7 43 2 91 -80 -28 77 -71 -69 74 7 75 54 60 -41 -23 57 26 -57 -3 54 50 82 91 -26 94 1 85 14 83 -63 -94 -18 68 -95 -18 55 75 6 28 -9 -82 57 66 15 -92 -15 -38

-38 -16 7 -52 6 49 -73 47 30 89 88 49 -32 35 65 -86 15 -76 -22 -3 -43 -42 -100 -82 -43 -78 13 71 -67 -40 -83 -80 81 -72 79 32 67 -14 -12 68 -30 60 5 75 89 96 0 -52 81 92 -80 -99 -2 98 -37 -76 83 12 -45 64 76 89 -29 -41 53 -58 -93 -31 -33 -36 97 -55 -100 -83 15

75
-46 36 -35 -39 10 85 11 99 -35 89 -70 35 -37 25 -92 32 -59 -20 37 -73 26 88 -16 79 45 -36 68 55 71 65 47 -35 -88 -9 -9 -5 -24 -65 41 -7 1 -9 -13 -75 -75 -64 96 -90 39 -81 -86 26 -29 81 -20 -15 -45 -61 -6 -6 -100 -91 -63 41 -25 8 58 13 56 97 -62 66 -77 -22 25 -12 -16 -100 82 -13 -74 -91 -75 71 -10 -73 71 8 -42 87 14 11 -83 -94 84 19 21 26 -58 79 82 -29 54 94 79 -27 -65 -4 -9 7 -52 -27 34 42 -11 -93 -42 31 -76 -80 -67 68 -92 -21 -13 -27 48 63 52 -82 -79 62 -53 21 18 47 -50 -3 28 32 -37 5 55 80 -24 -4 27 71 -52

-73 90 -49 -23 -80 95 -26 -21 97 -30 -21 0 -36 1 62 41 -70 71 -38 -69 21 31 26 7 -17 84 77 -50 31 -72 -56 13 12 15 -62 -81 43 -20 15 -61 -72 20 -44 62 -99 90 -54 -47 -73 81 14 74 -26 91 24 -45 -71 72 -28 -38 -69 -35 1 78 -34 38 86 -2 -22 26 13 21 -2 -72 33

