10
10
61 33 -45 50 35 -24 85 -88 42 -65 11 38 -89 84 -88 30 8 -53 -1

-98 41 6 62 -9 -26 6 -83 16 15

10
-2 87 -92 78 91 -55 -7 28 -88 94 -31 84 69 29 -46 63 25 9 8

1 75 -61 1 10 -59 7 -69 -93 -45

10
87 -4 -54 64 58 -45 50 16 46 -82 -73 -46 72 -42 17 -89 -77 43 -29

10 -67 47 44 -72 -86 87 -25 65 -88

10
30 47 46 -82 -85 -52 86 65 74 34 79 35 -35 -2 -31 14 -16 -54 68

20 86 -52 -37 -54 -87 -14 72 24 -28

10
-23 25 -96 -14 14 94 -82 -72 46 98 11 9 86 43 -93 30 86 -3 -2

56 33 -33 -15 17 22 88 67 -55 78

10
62 -84 -83 -42 39 -48 71 28 -66 -98 -66 -72 -49 34 -59 -3 -9 -21 -15

-1 7 -52 -96 -86 43 52 -13 64 59

10
-43 92 66 92 97 7 -40 6 92 -87 8 46 18 -79 45 95 -72 -40 -62

-17 39 -77 -48 76 -83 98 66 22 0

10
56 -94 -17 -100 97 -26 -13 -48 19 -12 -6 -13 73 -81 -94 -62 33 -50 -34

-75 -100 86 68 -81 -52 11 86 23 80

10
93 -40 -43 -10 -76 -34 37 52 74 4 93 27 86 -88 -1 79 39 70 -35

5 44 62 27 -14 -36 89 -97 34 61

10
-11 74 -26 -31 29 70 -47 -44 46 93 70 87 -9 -81 79 63 -85 -13 -10

-14 91 -19 -6 -45 56 33 39 -45 -26

