10
250
-63 40 -12 -30 -65 27 -52 45 75 -22 97 6 -42 -57 -93 37 53 -90 59 -43 -99 60 -99 -85 77 79 -7 52 18 19 62 43 78 43 53 22 87 37 8 71 34 7 18 -53 -2 -83 -41 26 -73 19 -13 42 64 -3 -10 -1 89 -67 -64 59 8 57 -71 68 -97 -50 -86 12 -40 -76 -22 -76 -28 -28 93 23 0 98 -63 -17 100 70 -12 -60 -16 64 34 -74 100 31 54 -62 -66 -83 39 -4 50 12 -72 -71 -58 33 7 76 -25 17 38 -90 -89 -5 -8 -31 -65 -24 55 67 -61 28 98 -20 -31 -4 99 -42 -90 -58 -69 0 38 45 -94 40 97 -8 88 -68 62 0 62 98 40 53 -64 -71 79 26 38 38 -73 22 -46 18 73 -58 13 -23 15 -44 85 98 48 -80 47 61 61 -30 15 -56 94 -64 90 -49 58 45 71 -1 -87 -79 -94 19 -83 -66 -18 -18 -39 -100 -97 -54 52 -49 23 -81 -32 -79 -52 -24 66 -91 -3 -42 86 -30 55 57 6 -77 16 -84 45 -59 -62 20 -14 5 -21 -51 -12 50 -31 26 -17 26 1 51 -94 -20 -62 -47 -59 -76 -1 78 -2 54 -98 84 -25 -1 11 9 -37 -20 -77 40 76 91 79 12 -48 76 79 85 69 93 -56 54 -73 -30 -52 83 -74 -84 -22 95 62 -7 -36 86 93 -68 7 -38 33 35 40 -98 2 50 1 -22 -47 -23 50 46 -82 -82 81 41 -60 19 -23 -25 -96 63 11 56 -87 68 -79 75 93 -63 45 6 -47 -49 34 -8 -32 82 89 -15 -69 24 -79 26 -14 6 -68 -89 12 23 -15 -69 -39 94 -90 97 -12 -21 -50 16 1 62 -45 -39 76 -94 -37 -35 -35 95 18 73 100 77 90 33 78 -67 -44 -53 -8 17 24 -35 94 -24 77 45 69 -47 34 11 -66 -50 31 -18 58 66 -82 50 71 -3 48 -90 -24 -14 -13 41 -76 39 81 70 -29 -86 -56 55 1 -18 -53 -65 -1 -99 -70 43 -28 88 -39 27 -6 -22 -11 -98 98 -92 85 -46 -76 -59 -1 -29 2 72 -48 -28 41 91 35 -79 -81 94 28 0 94 -24 -11 26 30 -7 -6 -59 -48 -4 51 -9 -68 97 -56 -45 73 45 -39 32 80 42 -73 58 -55 -18 -1 53 -78 13 -95 -46 20 -20 9 -78 -85 6 99 -6 -83 84 -91 42 -37 70 75 10 -61 24 79 -43 -91 -89 -46 -34 -73 -3 -57 -26 -8 45 49 -14 -13 23 35 49 76 5 -40 91 -89 -9 -59

66 7 9 -89 15 76 4 -95 17 -64 -79 30 -40 -14 91 -97 -39 64 93 -64 30 87 46 -16 97 -20 -34 -61 -43 25 7 -51 -12 23 -99 -90 48 -41 43 -99 66 -28 -17 96 -85 -2 47 18 -93 63 40 44 -77 -85 47 -20 -26 100 97 73 -73 23 -61 -75 63 -59 -41 85 97 -37 -71 43 8 52 -92 40 -51 14 -17 -57 14 4 -76 -16 5 83 -13 -69 44 -81 51 -81 22 0 70 5 11 11 -94 -82 32 -92 22 -10 60 -6 33 -45 46 -49 63 36 -65 61 98 44 -60 -35 98 79 -19 -8 -97 -20 95 -3 -44 44 -41 2 -49 -73 -97 35 13 97 -69 8 47 -65 -60 57 4 53 55 -99 4 68 80 -1 -38 53 60 -59 52 16 75 -81 59 -56 -60 -29 6 -76 100 -19 -25 79 74 -31 61 72 90 -27 -5 22 -10 36 48 34 -10 -22 -46 -60 80 -50 -64 18 -40 -1 -7 43 20 -56 12 -32 69 -45 -40 95 -65 66 -28 95 -31 52 -38 -99 84 46 -57 -52 -24 -29 40 49 60 -53 69 64 18 -97 -39 -98 53 100 -89 -27 -56 34 98 -7 2 -39 21 70 -16 18 51 -56 9 -72 11 -94 -74 -50 19 66 22 31

250
64 50 -58 -24 -61 1 -25 20 -66 -63 35 -64 50 -16 16 -23 25 91 -21 -5 67 -45 -89 87 5 -44 -75 -33 -2 68 -78 100 80 -6 20 -78 45 38 0 33 60 -51 2 -59 84 -62 88 93 77 81 42 -47 98 -25 -55 -56 -50 42 -47 98 -81 -72 -14 -60 -98 -43 -22 -17 -19 78 -60 2 -24 -65 83 40 94 -45 60 -81 -47 23 -75 -81 -21 20 -46 -65 -39 72 44 5 -42 -30 95 -23 76 -61 27 83 78 47 0 -50 -47 21 79 52 56 -88 -100 78 -57 54 -71 3 -73 66 -96 72 -70 18 35 -14 -98 24 82 -62 80 -46 75 -3 -48 -81 -18 73 35 -47 69 -38 -25 -8 99 -44 -73 75 -98 -27 -16 36 91 -69 69 -20 -80 -97 27 -74 -85 -93 36 70 -23 -12 99 17 60 55 95 -72 59 -53 -74 -88 -29 -12 8 45 76 48 -96 -49 67 48 -22 68 50 -57 -5 18 -100 -61 94 -47 -72 -42 -62 58 -57 75 -29 30 57 -43 78 9 65 12 43 -25 67 34 -9 -66 47 -33 -94 -20 -74 -44 4 -16 82 64 -55 -56 -93 -44 -58 -26 43 25 33 -58 -49 -25 -49 -79 -5 -52 -97 20 -50 -4 -76 33 66 95 -61 -10 74 71 16 36 39 -71 -44 81 -21 -30 95 88 49 -58 47 41 8 -52 -88 -43 -84 -63 18 -44 33 31 -42 43 37 -53 -45 70 -90 -49 -43 9 -77 1 82 -99 59 89 -20 78 55 -75 47 42 9 60 -46 -65 -72 -69 -22 -64 -61 38 72 68 -46 19 -91 -64 -26 -19 53 60 -72 -33 -15 -12 47 -67 -94 56 -100 -75 -54 94 -76 60 -14 -74 -2 -10 -56 14 -27 81 -3 -11 59 57 43 -89 14 -22 -94 7 -62 54 8 -24 -72 12 90 81 -100 59 -33 -34 -83 59 -89 -83 -100 -98 -93 48 -71 -67 48 -52 -75 -48 -94 -56 68 -50 -94 66 -64 -25 80 -33 18 89 -66 -11 -74 99 -65 57 98 26 46 -8 12 -58 -13 -45 63 -40 -64 21 98 -4 6 78 -38 -25 56 -82 -25 91 14 66 -2 -51 -84 -76 87 30 -65 -39 -97 -31 55 -6 -3 99 -51 -21 92 88 68 -24 -98 6 -54 35 -56 -95 -18 99 -58 -83 -1 -29 68 40 26 67 -86 8 85 -1 -71 80 30 -99 -35 90 -28 8 -70 29 -34 83 -76 87 -42 -14 94 -37 76 15 43 -57 -48 24 80 43 -27 -77 40 -24 73 -40 1 -59 9 -26 1 -26 27 15 -75

-84 -80 60 -72 -34 59 -80 61 87 29 57 -53 -81 -97 17 -50 -65 92 11 -67 -4 -47 -12 5 81 -62 -48 64 35 1 33 41 -25 38 0 -39 30 -35 36 -86 6 69 -52 55 65 -16 -86 -11 54 -12 -83 36 -11 -16 -72 16 -14 66 26 -95 -32 -66 79 -16 88 74 39 -74 -39 -31 82 0 24 -73 -96 -86 83 -44 -83 -77 -18 -40 30 47 -44 16 72 -25 37 -63 -61 -23 -93 37 33 87 -78 1 -80 -53 -26 -8 15 -62 -26 -63 76 23 56 -55 -89 18 -34 -28 -96 43 52 22 -4 83 -74 -11 -95 -30 60 60 21 -50 -25 35 -38 66 -19 -71 -43 88 -13 30 41 -36 -86 12 28 88 -59 -61 -61 -79 73 39 -22 -37 20 68 12 15 45 73 0 17 76 -16 -6 8 70 -19 1 -59 -40 72 -16 -10 65 -75 -43 -43 -77 -49 -94 -47 11 95 85 58 -88 -34 -47 23 58 21 -40 88 -61 -58 -53 62 44 40 -37 76 -2 -40 78 51 -9 17 50 39 -25 5 -43 -64 28 -12 -80 37 -12 67 62 58 -50 53 53 54 -94 19 63 52 63 77 5 -80 81 29 -1 12 5 84 78 -48 12 53 -31 -59 22 -92 -88 54 72 68

250
1 -52 55 -19 -55 80 -61 0 60 65 97 64 93 42 37 31 57 42 -57 -79 89 77 -17 -95 35 -97 2 -68 93 76 66 -44 73 -91 75 -94 42 -75 71 -46 56 -80 79 10 81 71 -32 -31 -69 -5 -41 55 75 8 -30 8 18 38 -92 -60 -68 47 38 11 30 -24 60 33 98 -88 -89 -65 -93 -20 -60 -26 -91 -17 -70 83 -83 -87 61 -93 -1 -13 54 99 -43 33 -16 -9 -7 69 -17 -59 -81 -4 28 55 -28 80 -63 84 18 8 -95 88 -2 97 -47 -32 -98 48 -12 -73 33 80 23 62 -72 11 93 42 68 -85 12 17 -42 -68 88 21 -49 94 -92 -40 13 -77 22 -68 64 -39 -26 37 50 42 -6 51 0 12 11 -80 51 22 68 -67 16 -34 41 85 -43 -47 -13 -66 49 24 21 -41 75 -84 -98 -39 63 100 39 -35 36 16 96 -4 -18 -80 58 -72 -42 -91 100 52 -48 -10 63 -87 4 -85 62 -39 11 54 -57 -32 15 -85 -23 59 -1 71 10 -79 -21 87 33 -4 -21 -15 -68 -49 -37 33 -96 54 -53 -57 -58 83 -52 -92 -94 -82 -36 85 29 -34 30 -91 5 -95 -99 -77 11 -33 85 49 63 -10 -91 51 82 -54 39 -37 -81 99 64 -65 -81 -61 -10 43 86 -51 -48 -89 10 45 -49 5 -69 4 13 -3 8 53 -41 -82 -93 -9 3 -24 -37 -92 92 -39 37 70 -76 -59 -2 44 -66 -92 -27 10 -31 -75 28 -19 -23 -37 23 -82 -73 3 -90 22 35 90 -81 -81 88 -79 -28 97 98 -26 -89 87 57 50 -13 -74 -90 -18 56 64 -70 23 -6 61 -47 -70 96 -24 -35 -37 79 4 -35 65 -61 -56 -33 -53 -80 -92 -23 -16 77 -79 70 -35 16 -36 42 -35 -70 47 74 95 18 36 -11 -50 7 83 28 -25 87 33 -69 23 74 -52 -96 94 -82 -15 -6 57 29 25 24 -98 38 -58 -38 -21 -24 39 49 86 5 85 67 2 -71 69 -75 -55 13 -38 -15 -36 20 -20 59 64 -4 -1 43 14 -23 -40 11 36 -16 -90 11 88 -68 -10 86 62 100 -96 57 100 -12 59 -74 1 56 22 -33 -42 87 -87 26 78 94 -27 4 -2 96 91 -36 -8 36 -65 71 -95 57 44 -39 -76 -4 -36 37 57 -96 37 -27 34 29 80 11 -88 47 17 38 -64 -19 -99 -30 -97 -99 100 -53 -69 68 79 -22 -5 -19 57 -43 97 -55 71 23 36 -31 -31 64 -55 22 -37 85 47 59

-39 -92 -29 -30 45 95 -82 2 38 63 -58 54 96 16 -30 -54 47 -65 -16 -14 59 -58 -83 -62 77 58 33 -30 26 19 69 -53 -23 -51 100 -51 -69 63 -100 -27 6 5 -51 19 -66 -92 10 65 27 -3 -93 54 11 37 -16 -67 -91 -69 17 36 93 39 -16 -1 3 94 90 90 -62 51 -62 11 -72 -47 71 8 34 92 50 42 -31 -39 -94 -73 78 75 -22 55 69 49 12 -98 -53 36 11 83 -48 -21 96 -55 -34 64 41 83 50 47 96 -19 -96 79 -5 -51 56 56 28 57 -11 -26 -10 65 -75 99 11 -79 27 -100 44 57 83 98 -61 -77 70 10 -83 -23 68 48 -40 21 -46 -8 35 75 32 40 -34 5 85 80 -22 -68 36 22 -63 -8 -94 25 66 -54 0 -17 94 -80 39 -62 16 -41 -97 -80 -34 -14 -50 -29 -88 -74 32 -86 -99 45 -65 46 -54 5 -66 69 -65 -70 94 86 19 -58 -10 70 1 78 -21 -4 27 -29 -92 -92 -50 -36 -23 14 -51 -91 -97 -92 -34 19 92 61 -58 17 13 -55 40 -58 -52 39 53 -31 5 77 -80 -91 -42 25 20 -87 95 -80 -71 60 -59 -4 -46 50 -63 -85 -67 10 -97 74 100 -84 95 -98

250
1 15 -2 -94 -5 72 -29 -22 -32 92 -75 -45 -100 -40 0 50 -67 -35 22 74 100 -83 87 18 -84 59 70 -21 -24 17 -27 -94 -33 -89 -90 51 13 83 86 -52 66 57 -97 -93 95 8 -3 -76 24 -10 -40 -64 -19 69 -92 -48 51 -25 97 20 -46 68 65 -67 -86 -100 -55 -36 -90 53 -52 -13 -86 -37 -75 57 57 -13 69 69 80 -58 70 37 56 -22 -69 27 52 -14 -16 62 -3 -83 -86 33 69 -95 -81 12 -48 -57 -31 30 -33 -20 -90 -72 -63 62 33 -89 65 -86 87 69 -53 -58 -29 -64 15 43 -62 -19 90 -35 -11 -38 43 -15 85 -56 16 96 44 -83 76 77 79 16 35 86 -18 -47 -26 28 60 -77 85 16 -75 57 -85 8 31 67 -43 15 -43 -75 -17 -25 97 48 82 -30 -48 39 63 -64 -64 -50 -69 -96 55 93 61 -44 69 -1 -60 25 -71 29 -82 67 8 38 -44 -1 86 5 22 28 -97 47 -2 -67 38 -75 38 24 84 -66 61 0 94 22 4 -29 -95 -38 68 -62 -73 76 97 -90 -27 88 11 -40 -83 19 -34 -9 -34 -26 23 67 61 -25 69 -33 5 0 -32 77 -76 89 21 16 51 74 -58 -47 34 61 50 -8 -76 73 20 -50 57 -34 38 39 6 14 89 50 -57 -48 22 77 -6 6 19 -64 -53 15 -59 -14 -41 -16 29 -98 -99 67 14 88 -28 74 -64 -73 39 -8 -30 24 28 62 77 22 48 -55 -47 27 -13 52 -24 -84 -2 52 -49 93 67 -32 -34 73 88 16 53 -7 -51 -59 -35 -54 53 -61 39 -55 -57 -100 43 63 46 63 87 -21 -80 -37 31 -80 -46 68 -49 6 -83 -8 -82 74 -15 -22 -16 -94 2 46 -25 -69 -7 -99 62 -37 -81 -19 -21 -80 -86 73 -58 -24 92 -79 -71 -24 -95 -81 -38 5 -51 63 -10 12 -93 82 -98 -81 -40 27 -94 61 -65 70 84 97 49 -27 -71 -75 5 19 20 84 8 -71 47 -36 94 -82 -70 35 -87 7 -48 32 -81 52 92 73 73 -47 -8 -15 96 77 17 -25 25 78 -47 -74 -78 -61 -79 90 -14 39 65 -2 5 33 43 86 -70 -86 50 -25 -53 0 6 -74 12 70 15 -5 -44 -72 -2 98 -24 44 88 -57 -62 -99 -56 92 37 -30 -80 -36 -89 78 33 26 18 -47 -11 55 -47 -96 -43 -46 -82 -41 90 57 62 -24 51 93 21 -17 -66 -85 45 69 40 -30 -20 -91 48 -53 -66 60 -89 -38 -19

-89 98 -27 75 90 75 -94 97 17 -34 82 12 -19 -34 88 42 -22 16 -93 62 -21 4 -11 -95 27 -83 7 73 96 -28 -82 77 -29 -83 -20 63 36 60 20 -90 35 -55 -96 -16 23 -94 -70 -71 -19 90 -20 70 -58 -59 65 -45 -85 -4 68 26 -70 64 66 58 -28 -42 -26 -65 -80 -26 33 21 96 56 52 87 -8 50 -64 -64 -82 90 -57 31 76 -4 -25 83 86 -66 57 66 31 -80 81 -67 -6 -18 58 -16 18 -58 -55 -100 -23 74 -33 -50 -24 59 54 -76 36 -65 8 95 -25 -49 46 72 3 70 -82 -38 -23 -85 -14 31 -67 92 -85 -11 -24 54 47 -83 45 41 29 38 74 -19 -24 79 -54 70 29 -11 -56 67 -37 -86 -78 -87 23 91 -3 80 -3 67 -23 -85 84 -10 -86 1 10 46 -84 -96 -82 -50 74 57 54 83 49 -19 65 85 -76 35 21 -21 -33 -9 -52 -72 -83 26 50 23 -17 18 -63 42 -55 -11 -32 43 -50 8 85 4 2 19 -75 -38 -94 -19 -26 64 -55 89 -73 -8 37 -79 44 -1 11 48 23 94 28 18 -33 46 -9 18 93 28 -22 -2 70 -15 -22 -95 19 2 -72 60 64 1 -25 1 -22 -18 24 51

250
28 10 -50 -49 -53 27 -89 -67 -47 -30 -28 18 -2 10 2 2 51 69 -9 99 12 81 -80 49 -12 39 -24 95 28 48 42 98 -89 11 -28 -1 -40 -19 37 9 -53 -97 39 49 30 38 91 53 79 -11 55 90 85 23 -33 -86 52 -19 20 -49 10 31 37 -73 83 -12 -44 -63 -29 -46 3 8 81 48 -63 -50 -20 -87 63 4 -93 79 21 35 45 41 24 51 83 -2 -9 60 73 -2 -100 -97 19 7 56 -22 95 -24 -34 78 67 -96 -7 -60 -7 -58 22 67 52 97 65 7 38 -33 -83 15 -16 21 -68 82 55 -90 -66 -20 59 -40 28 19 96 -25 83 73 31 33 -66 48 54 64 -7 -25 -26 -97 -21 -50 -76 71 27 -86 73 21 -6 39 -19 21 12 56 36 -13 -60 50 -64 -34 12 -62 -87 -14 -16 31 71 0 -17 -98 -12 67 69 44 -78 34 2 -19 -24 -10 -66 -39 96 18 63 40 -50 51 -77 -81 -69 59 -38 14 92 20 67 92 -59 48 -80 24 -51 -94 -10 -43 -5 59 -65 -4 100 -4 -70 66 38 7 -9 -59 -45 41 98 71 6 89 -53 59 -26 75 -12 23 77 -57 -73 -3 11 57 -81 88 -99 4 10 79 -63 60 -96 51 76 62 -24 -95 -82 48 -87 27 -49 -70 1 -58 81 76 13 44 0 -68 80 -94 -71 -11 77 -29 92 100 -2 -32 77 22 -13 -73 37 -55 -80 -15 -56 14 59 59 -31 12 14 15 -56 86 96 -74 59 66 -17 3 86 58 -55 66 54 58 96 8 72 56 98 -66 -42 41 55 -84 5 -28 6 26 54 51 -13 98 44 48 87 35 31 60 29 83 62 5 97 2 73 -93 4 76 79 19 14 62 -45 82 -5 67 63 57 53 -35 90 34 -46 86 -93 49 -33 -93 -75 36 53 -81 -77 -53 -5 77 -11 91 3 10 -38 42 -28 -47 70 -85 -63 64 47 52 -31 12 10 24 -58 57 -53 -50 -78 -89 -4 -3 58 100 77 -82 -1 -68 56 -94 9 96 -63 13 83 -14 33 -39 -94 88 -32 -87 95 63 -33 -95 -83 -36 -99 23 70 84 -98 -8 -25 46 -62 9 24 96 -79 -13 25 -82 66 30 19 36 -62 39 -29 -47 45 -3 69 82 -58 -56 -27 58 -49 -89 -92 -5 19 50 17 -64 18 60 -98 -67 -22 -48 -74 -54 -60 34 -5 -63 12 87 -74 1 -82 98 22 83 20 -24 68 -69 29 22 -78 -53 29 76 82 43 -44 89 -7

-30 -13 72 38 -21 27 -59 53 82 -93 -94 58 -2 -62 94 -44 55 2 -36 34 35 -29 -9 14 16 96 30 -81 -53 0 -77 51 -8 95 -43 16 91 67 -4 12 -76 88 56 -80 -4 -43 -45 -15 14 -88 64 -76 55 -57 -14 -64 20 24 -76 -14 37 -75 55 25 -73 -26 87 -99 -77 85 -94 48 -84 96 -100 97 83 -73 6 78 -82 -58 -30 5 -98 97 -91 6 84 85 23 58 32 90 26 -64 12 -39 -12 -66 -33 26 -85 -25 -89 80 9 -40 -73 -73 -58 14 37 88 92 82 17 -27 -95 11 82 28 48 -29 -33 31 11 4 11 -52 -63 -53 -50 -90 -37 94 -54 -92 -10 -73 78 -41 16 79 67 46 52 59 0 96 61 71 86 -56 -59 1 32 -46 -48 68 74 -51 -35 17 42 25 -59 66 -26 -69 -91 -73 19 -5 -49 77 87 -80 51 39 38 -43 -2 9 68 -93 -93 37 -74 -36 0 -31 78 23 -29 100 72 45 -30 -74 36 21 54 -16 -68 83 -6 -58 -26 -36 -23 56 90 19 -71 -50 84 -51 0 45 84 10 17 -31 -21 47 -82 -66 61 -86 98 30 43 -34 12 -43 39 -75 -46 88 12 93 -22 -10 74 -21 -35 55 5 -58

250
-12 -59 -35 97 73 -98 32 93 -80 94 76 -50 -98 -24 52 -65 78 65 54 92 56 16 -50 -66 58 33 -21 -37 -82 87 -67 7 -31 85 70 21 76 -7 82 -69 -31 -91 -65 43 42 -29 99 -75 43 69 -44 -95 -7 10 51 -16 -29 -98 13 31 51 -74 85 -21 -64 48 -31 42 -26 -45 2 50 -82 90 95 82 59 -68 45 -14 -63 45 -47 47 -57 46 -64 -28 -96 -4 -11 -85 59 78 -61 -85 -45 7 -71 44 -8 42 2 -38 76 -87 60 -47 -97 13 47 24 62 99 29 -73 41 79 49 -93 -100 -26 62 33 -74 33 -27 4 -60 -40 -31 100 7 -24 91 -57 -49 -37 -66 19 2 -92 49 62 36 57 28 55 -55 -55 -47 -38 -93 -49 -18 -93 11 -57 9 87 13 -33 -94 -9 -96 -86 -37 -89 66 -31 -83 -94 82 12 -74 34 -51 -24 34 -1 88 -51 -90 39 29 47 62 87 -6 -22 -41 -32 69 36 -69 -21 2 -73 86 -98 14 45 57 -71 46 60 31 97 -50 91 17 21 22 97 -80 2 7 34 71 -62 49 55 5 69 -51 -87 -23 -84 -72 23 -49 -93 95 -53 -24 62 -19 -81 12 -13 -71 -65 -96 -1 39 -74 28 22 -78 -39 23 89 54 -67 -44 44 23 -39 31 -22 27 -85 21 -97 32 66 -23 -52 -28 90 83 19 -97 -57 47 -38 28 -67 -98 -48 96 17 -15 -59 -98 -87 -56 -88 -16 17 -34 -93 -26 -87 66 8 -49 21 -79 87 -26 0 -46 -98 -74 -18 25 -55 -32 66 -86 -56 -80 -20 -29 -91 -9 80 -27 45 -17 86 92 -32 -39 98 -99 51 46 7 -45 -78 -82 79 -20 -36 70 -30 13 -56 -99 -84 16 14 -65 -26 -8 24 -46 87 -99 -7 -55 12 96 -98 -29 6 -61 -91 88 -76 -90 40 76 78 29 -57 24 80 46 50 5 30 30 -29 84 59 72 -47 -31 -58 27 -63 47 -5 -14 -7 80 48 76 -61 -15 53 -4 -64 71 13 -83 -36 85 -63 -11 53 -21 50 -51 61 -61 58 -98 13 11 -61 6 87 79 43 -97 -74 65 -79 77 69 86 58 -43 -93 -18 5 -89 99 0 -3 99 -2 68 -57 56 50 40 -63 73 -30 60 -68 92 -26 -1 45 50 -83 14 -54 18 14 39 14 7 -31 83 -64 22 -40 86 -52 -66 13 90 -61 58 -9 -92 62 -95 -86 -57 -53 -46 47 -13 -44 16 25 24 -27 69 -36 23 -89 -100 54 25 3 16 -8 -79 73 58

96 -45 -3 6 -59 34 17 98 -15 60 -12 -51 58 95 3 88 95 -55 26 65 2 -22 99 -6 -61 37 -2 -19 -10 66 -11 -38 73 78 -7 13 94 -15 -57 55 -15 -22 53 66 -16 39 38 96 -61 -67 34 -43 -32 27 72 41 3 -20 39 -76 83 98 -16 -62 -53 -14 99 70 33 29 -69 86 95 93 -4 22 -17 -39 -93 -3 6 -9 -74 -10 30 -48 67 -7 49 -50 57 66 -21 -14 -71 -37 21 -19 80 4 26 -24 4 34 8 -97 92 86 96 -75 -97 -64 71 48 67 49 49 90 -56 57 -37 -21 -88 12 100 -21 -45 10 -44 -33 -21 -51 39 -52 40 94 -72 37 95 -54 -77 -41 -73 -57 -47 -17 100 80 13 65 -76 42 -62 6 -85 69 -52 -51 96 13 10 -93 98 62 4 -20 -71 -75 -38 76 -79 42 -80 -70 -39 -17 98 92 57 69 76 23 -73 -18 67 5 -85 -80 -60 -64 -47 56 92 -11 -40 -47 -19 49 71 -17 79 -82 -33 -21 82 -22 -39 39 38 -45 -54 79 61 -47 99 -73 -33 -87 -6 -21 -81 34 3 -44 -17 -18 -9 -41 -94 5 61 -57 -88 -8 -34 14 89 50 -10 -98 44 86 72 -67 -61 71 -3 49 51 -17

250
-41 53 46 34 -9 -43 82 -93 -100 56 92 -43 97 79 40 99 -17 76 19 -60 26 83 17 -16 13 -16 33 -81 -54 25 2 -5 50 -31 -6 -27 -40 -55 -67 85 -9 84 -21 65 -76 -78 -96 47 -85 -54 75 35 44 -41 -84 44 64 -57 -96 -76 36 38 13 86 -3 -3 95 35 -84 88 -45 -61 99 -40 -80 -11 -49 -31 53 7 51 99 88 -7 -43 89 -71 -97 -18 72 97 -27 89 -3 51 76 54 16 23 -60 -89 -16 -47 -77 -39 -18 -28 -45 68 35 12 61 -4 86 -43 75 71 -57 85 38 -1 -42 -34 -86 -66 -57 19 -7 -79 -5 89 50 22 12 -96 31 12 -21 63 -70 64 6 88 32 13 28 -19 53 -76 23 -52 45 79 -63 -27 71 -9 73 86 -34 -58 -100 -73 -12 99 -76 94 62 26 66 84 -28 -13 -35 23 -27 8 67 -55 23 83 83 -92 32 -45 -86 15 45 -98 56 15 62 -100 76 -48 -63 -92 -5 -47 78 -38 20 -97 -81 -41 -84 34 44 16 57 -94 -23 -48 67 86 12 -43 -80 -62 -81 -12 -5 46 -89 -8 80 -23 -100 -18 -33 91 3 -88 78 -21 -99 -61 48 -52 -86 53 92 20 74 -68 94 42 -61 90 16 -62 40 80 14 22 1 51 -96 99 -45 54 -46 44 -2 71 73 -40 -63 -96 -97 -82 1 -95 -12 53 -18 -6 -56 -99 -34 -76 8 25 -48 81 36 -79 8 -46 19 0 52 -56 51 -75 -10 -82 35 -21 -37 -18 9 23 -6 18 76 -44 -7 -64 -22 55 -13 36 -41 98 70 -18 48 88 -69 -44 -12 93 -22 73 41 98 69 60 86 60 -93 -49 92 -31 -31 -100 -52 -84 84 13 57 56 66 -18 63 57 -70 13 -27 -74 35 -5 52 83 73 14 6 46 -16 -92 39 24 -42 -13 -60 -13 -90 -44 -62 28 37 85 0 51 -44 25 34 -3 -13 -18 -69 -82 -92 -57 -52 54 -9 26 27 -23 19 -97 -77 34 97 38 -84 -68 -86 -61 81 17 -50 22 -91 50 -18 -62 51 81 72 -54 -13 70 -99 86 68 -40 6 75 -93 -63 83 -5 98 6 -77 -92 -87 39 40 -99 -81 73 99 -47 -96 -49 -38 38 -43 100 -61 83 -37 -19 -86 -52 57 60 86 9 -11 13 -45 3 55 52 35 -16 -61 28 -42 -19 -44 -15 77 75 18 -1 -21 -62 -53 -59 21 -3 99 67 89 -76 -91 -93 -2 -59 -12 -30 -36 66 -99 -30 39 19 18 17 98 -16 64 75

84 -23 -90 -96 -71 -79 -27 13 -62 -72 -76 0 -27 -16 85 98 -92 95 -4 90 62 -36 38 -79 90 18 95 -64 54 -24 -14 -65 73 -84 -94 -78 -40 -70 -62 96 -14 -23 -61 51 41 -4 67 -3 7 62 -22 84 86 54 77 -48 -44 100 -91 -68 67 -3 29 -62 -97 -59 44 61 9 87 34 56 36 71 -96 -39 53 77 14 -63 -1 6 99 -9 81 22 -3 40 61 -40 2 78 9 17 38 -68 -40 -20 -80 -5 69 7 46 -32 56 -18 -26 -17 -59 82 32 -42 100 44 75 -73 -34 -24 -88 -39 -7 -14 -86 -43 -12 38 -97 -39 -65 -60 -73 -48 -49 40 -5 -95 -80 25 4 8 17 46 -5 86 -2 -96 -80 -70 53 -20 66 -10 -53 70 -99 88 71 -8 -2 -35 -13 -57 -33 -24 52 22 -58 -30 -15 63 -66 -72 -78 81 -88 75 -1 -35 25 -13 -64 21 18 -53 44 -8 -80 -50 -71 30 -57 -14 32 -30 -15 -20 -40 -71 88 34 -5 46 100 -11 -41 -9 2 67 -50 -31 -80 -92 75 -22 32 57 45 48 61 34 3 -79 45 -91 58 -21 -68 -65 20 -33 10 -6 26 82 13 69 -3 35 -43 9 -98 -49 -53 -80 -14 23 -15 97 -53 83

250
51 9 -20 -84 80 97 -11 -70 -59 -46 -29 64 -36 -36 -35 96 -63 -88 93 97 38 -67 -36 41 -41 -32 79 -31 18 2 100 91 -48 -98 39 -37 -67 14 -27 32 -62 92 36 23 -52 87 24 -20 -74 -12 43 31 -2 62 9 4 54 -58 58 -11 -25 -17 -80 81 45 3 11 -61 16 65 11 88 69 3 -82 73 -11 -1 -46 38 -48 49 -17 19 21 94 -82 -82 35 70 -36 -30 -25 -71 27 -13 82 -8 94 18 62 65 -6 -33 -78 -39 20 60 47 -8 13 -22 41 -92 -20 98 -57 98 -5 79 55 18 70 50 -34 -96 -56 62 -100 3 -97 -37 -40 -6 -91 38 -56 70 -48 25 38 29 -33 79 85 97 74 -32 -6 -1 -63 -41 74 11 87 46 76 -51 -54 -54 97 -84 1 -34 -5 -45 97 95 -80 -85 50 -92 64 17 -9 55 76 -64 36 -54 -25 0 2 42 -24 -85 89 67 19 -25 13 19 28 -47 28 -50 45 75 40 -55 35 -34 -37 -40 -17 -21 40 42 87 79 66 -73 -62 49 78 -75 76 -2 -43 44 -51 -86 47 -67 77 -3 96 65 33 56 20 -78 -12 -20 -74 -59 60 3 -96 72 82 -35 -81 -17 -77 -93 66 0 -35 -83 78 97 44 11 -55 -35 87 -5 82 74 96 -23 78 -79 58 -74 42 30 -73 -97 -9 73 -9 -81 10 -68 92 89 32 19 48 23 -59 60 7 12 -98 -42 -4 -26 -61 100 57 -52 65 67 39 27 -18 -55 -9 81 -91 48 66 -57 -11 76 -17 94 -87 -81 45 -15 -74 -84 -62 26 32 -39 -81 -97 -29 -25 -95 -74 18 -68 -43 -23 -69 -81 16 79 -6 -31 -98 45 -66 -3 -7 36 33 51 100 -62 -46 89 49 65 -16 -48 -66 -74 69 -98 15 94 11 95 87 -66 -1 -43 94 -39 -72 22 47 -3 35 -76 -86 -63 -69 89 6 -81 67 -32 -45 -95 -46 91 -78 66 -72 67 -11 57 8 -30 -34 52 -45 10 -90 -96 -20 -41 50 84 2 8 -2 -82 -43 66 -9 48 18 16 67 64 -62 87 69 17 -16 -73 25 64 -13 -58 -98 -10 -15 -79 6 45 1 35 37 -97 24 -37 3 -58 -36 92 28 -68 -7 -90 -48 -7 -99 31 -95 1 97 7 -78 -19 -32 -61 -36 -64 -25 49 28 95 -63 -98 -97 42 -78 -37 -29 21 11 -29 -5 -44 9 7 -100 58 98 60 -54 -16 -91 92 -14 -26 62 22 -29 23 -24 -78 72 -59 97 63 -77 93 -7

-79 -9 -53 -16 34 71 -55 51 -66 76 -24 -54 26 -9 -35 72 -62 84 -15 29 90 49 -41 -47 49 -80 -24 -85 59 26 -68 -97 78 -61 73 -30 -22 82 51 48 86 -96 -42 -100 38 -18 -98 55 -41 27 25 75 -41 -16 -45 68 66 72 26 94 -28 -87 93 -57 -28 -36 19 -69 19 -50 -51 100 65 -73 62 46 -13 -94 63 -74 -62 -58 35 -47 49 42 -38 88 -33 71 9 -62 -64 -23 60 47 93 -52 34 75 84 44 -25 62 -39 -40 -37 90 -48 53 -46 75 41 75 -28 90 -83 -12 40 66 63 -76 19 -2 99 83 -48 43 12 -75 16 66 98 21 26 81 -93 -76 32 -43 -70 56 -37 -46 22 11 -55 -70 12 -16 -9 97 -93 97 70 88 16 69 -65 -75 87 13 3 -17 22 51 92 51 -64 -78 56 -56 24 74 -41 -8 -46 42 -30 -52 6 68 23 -91 -33 0 51 29 -57 -6 -75 -97 -3 -16 4 100 -18 -71 -6 44 45 0 -53 -58 24 -20 0 8 -81 -66 -93 8 -21 79 36 -28 63 -22 45 82 35 -84 -2 -83 -89 -76 70 -24 -65 -20 1 90 -38 27 -66 95 90 -50 5 -85 50 78 58 36 77 26 51 66 52 25

250
24 -19 24 -57 -25 4 8 60 -18 81 -13 -58 16 60 2 89 -26 24 90 53 16 57 -61 38 -7 70 55 -48 -69 89 -64 -90 78 88 -3 -62 -31 27 95 -39 -84 -25 -71 46 94 -71 20 43 -18 17 -100 0 -98 -44 100 -34 -34 -83 -7 -68 -81 -10 18 -48 3 -74 4 -29 16 -91 44 -10 -13 43 56 -71 -83 -91 -38 -96 75 -71 -100 -27 -77 -20 -23 -14 -96 -59 -14 50 -83 78 -25 -52 -69 -79 10 15 20 23 -51 60 26 -36 -17 -74 68 -1 -25 -48 -43 -93 -66 1 78 29 -97 -96 -39 -83 58 -49 -10 94 -21 7 -98 -27 30 42 8 -24 -57 -11 -29 15 -100 15 27 44 73 -10 -25 45 -17 24 71 -41 26 64 -44 46 -17 59 20 15 84 -29 31 59 19 100 -48 -5 55 72 -68 27 -37 61 -57 13 60 51 67 -95 30 30 43 -74 -86 -61 19 62 34 81 -98 52 45 -61 79 -9 -13 -38 -15 -40 -26 -62 30 97 -9 69 3 47 16 -58 52 37 -36 20 28 1 -66 -54 39 -32 -42 90 63 -17 -87 68 -9 62 91 -98 7 7 -86 -41 -13 83 76 10 23 -40 -36 -63 -100 96 84 -57 -82 -95 99 100 -26 22 37 -69 27 94 -10 16 -6 72 60 10 61 -24 -38 -90 68 26 -40 -70 -12 68 1 89 -56 31 -10 -1 -27 -34 -62 63 79 -6 -89 -77 20 -5 22 21 40 47 47 80 -79 57 -64 44 -40 50 35 48 86 79 -5 24 37 97 -75 90 66 51 -84 -47 -94 91 3 -60 -1 -83 35 -22 56 -14 -65 -16 16 -66 70 -19 -43 19 -26 -70 -97 73 76 -23 4 -41 89 98 68 31 12 18 27 32 -49 85 20 -52 -29 -13 -97 -50 36 11 39 10 -95 -76 98 -44 -82 -93 -16 -17 -51 6 -12 30 -13 69 59 -59 -84 94 27 48 -43 81 -67 -79 -69 67 66 -14 74 -70 82 -40 -12 -92 -39 -62 -73 -2 -57 81 -4 15 -94 52 24 -86 16 -66 3 -68 -42 -66 -69 62 99 53 -86 -25 21 -30 45 -89 -25 22 17 -78 54 100 60 -41 46 -12 38 10 -11 59 -18 100 99 48 -16 43 -38 25 -28 -51 11 -88 24 29 36 -70 35 20 58 75 78 70 -43 -27 -61 -48 53 26 -5 -55 99 -7 59 -71 22 8 -77 96 49 -78 8 72 71 -34 -9 27 35 71 -62 -5 -10 -86 32 -8 67 98 -52 62 7 -2 37 68 90 14 92

85 37 -50 -95 57 98 10 -71 46 -74 97 -49 31 63 -57 -42 -50 -24 -14 -77 -73 2 -56 32 -55 -88 -43 80 86 -61 -53 53 -53 -97 69 1 -91 33 -34 72 -42 -95 -99 -3 29 -79 -75 86 -88 15 82 88 -18 99 52 -90 98 15 -63 -12 68 -79 -30 -72 91 -42 99 9 -19 33 -95 12 -97 -13 13 -95 -57 49 75 -85 -93 72 -92 -63 -74 43 -8 91 51 -23 51 -20 67 95 -16 43 -100 -36 -26 28 -97 -43 -92 46 -65 73 40 32 -69 -67 67 -91 -78 -18 14 -69 -100 -39 -68 95 81 69 -33 -44 -94 -80 -83 -80 54 -52 -50 -97 -39 -25 91 -85 11 69 96 40 -87 -39 53 19 73 74 39 -65 79 -63 -43 100 -97 -29 31 2 4 -65 -5 75 -83 -85 76 69 -40 -61 -4 10 16 -8 -90 74 -63 -92 27 54 22 57 -15 29 98 -65 5 -28 62 -30 -2 -43 43 -2 11 -55 83 -97 0 16 -21 71 46 -49 -22 -5 78 67 74 -49 15 -98 29 -54 85 -6 -63 -58 78 19 -95 21 -22 20 63 -98 -16 -95 44 -89 91 -18 56 24 -71 -43 35 -97 -11 33 -98 10 -45 -70 89 -12 -54 -71 94 56 27 23 19 19

250
10 -89 26 -76 -75 -7 -35 45 33 92 -58 78 -53 68 39 95 54 -71 51 -52 3 78 -29 -60 -91 -90 -8 18 9 6 42 -2 -76 -11 77 -33 -63 -96 86 -67 62 -75 22 76 33 -7 6 17 -87 -77 40 -79 -49 -80 36 49 -50 -31 -78 82 84 -74 55 -96 16 -29 68 -81 -36 50 -22 89 97 -75 -26 33 -16 -40 -13 -64 93 -88 26 -32 16 93 23 -74 54 -12 62 85 -48 39 62 54 94 -40 62 -49 58 -98 -34 28 -84 86 31 -52 2 -58 -5 -45 -35 90 51 -9 -51 50 -14 53 82 51 -87 -53 -40 -79 -43 -17 -31 99 62 38 -50 45 -67 88 6 22 84 -2 -61 2 30 25 -48 -37 42 -93 -60 -40 -70 -26 -67 59 -37 19 -34 0 92 -16 53 -12 3 85 -82 -18 64 94 -52 -92 31 52 -73 86 88 -36 3 22 87 -11 -45 -64 -11 44 0 1 97 -53 -77 -30 41 39 52 -45 23 -2 -98 -10 77 67 -94 -67 24 -92 84 45 -75 95 90 -83 -65 -18 -29 -55 -69 36 4 -12 85 -12 -97 -68 60 81 81 -62 75 -11 -13 5 -15 -39 -66 -85 -12 -86 -62 -61 -44 73 95 -23 89 70 -66 -77 -35 -12 3 6 -82 -76 -57 39 16 35 9 97 51 -43 53 -29 -10 41 6 12 -83 81 32 90 9 67 -70 -42 54 -84 29 -95 94 -72 -86 -72 -63 -11 76 55 97 58 -28 88 15 -57 -24 75 -16 -56 88 70 -16 54 -60 -38 82 -100 76 -7 -22 -8 99 20 30 -50 -91 -19 69 28 -19 -3 -26 12 41 -16 -66 11 17 80 9 45 -14 -71 86 75 71 -43 56 -68 58 -48 96 31 -88 -46 -60 54 -15 36 43 -5 35 54 65 -41 -24 34 19 -55 49 6 -31 65 -87 97 -73 -48 43 99 -80 -34 -1 -23 2 81 -56 -60 64 53 34 50 23 -30 -54 74 22 47 -55 94 -14 -36 -43 55 95 -18 -36 71 12 66 40 94 -18 -69 10 -4 -71 -96 -78 -55 29 -41 82 -82 -13 31 30 -52 77 -90 -4 -35 79 -27 -78 70 -16 -99 12 1 -10 -96 -65 5 12 26 29 88 -77 -4 -24 70 -64 57 99 9 5 22 -81 92 54 67 -70 63 -42 40 81 51 -6 -74 -37 27 -29 -32 75 -57 -41 -72 -28 85 -48 -25 -3 46 93 27 -9 -22 51 24 59 -60 76 -71 91 37 69 60 -29 -10 -6 49 4 61 -99 -14 -76 -8 -59 77 -78 -75 -26

17 74 -75 -25 -89 -21 72 -86 97 77 -74 -53 69 -60 65 9 68 22 52 -52 42 26 11 34 59 -96 12 -17 -93 -44 11 57 99 71 17 -69 -22 -32 62 70 44 -44 -35 -52 76 -7 -85 -75 88 18 42 68 37 -27 -19 -49 -21 -49 83 26 85 25 -99 95 72 -76 -45 3 12 -67 -83 76 97 -21 -69 -22 99 -28 -53 62 -34 -49 -82 -96 -33 26 -44 -75 -86 -83 -82 -56 3 -3 -21 9 -52 -90 83 -31 44 -87 -98 75 92 -17 90 98 -69 10 -27 80 -54 -47 31 84 -57 -5 87 -1 -75 -43 -38 -41 -23 -85 50 58 24 -24 -49 25 69 23 -92 -47 26 -18 -64 -99 2 -96 -39 -72 -4 -62 -89 -66 19 -16 84 80 -18 17 -63 -60 -68 86 -29 -14 61 -78 13 71 15 -21 -59 -44 -87 -53 79 -34 3 -65 -60 40 -67 54 96 -2 48 28 40 44 46 67 85 -74 22 -35 -28 -63 -86 72 98 -92 -3 33 77 55 26 85 45 35 -64 54 -86 71 -61 75 64 90 96 -21 27 7 -12 -26 1 -20 -36 68 -33 -18 45 73 -96 -21 27 37 -72 0 68 49 0 84 -89 10 99 36 -14 -15 -73 0 -34 4 -17 10 0 44

