100
4
20 3 0 8 7 7 4

3 17 2 18

4
13 1 0 2 6 7 16

19 0 17 6

4
20 17 13 7 14 18 8

0 5 13 10

4
8 4 6 10 3 2 12

3 11 11 19

4
8 1 14 17 3 12 2

17 9 20 19

4
11 18 6 2 1 7 9

2 7 3 12

4
8 14 20 11 5 11 11

6 8 20 2

4
19 20 5 17 7 5 14

12 8 20 17

4
7 10 1 7 1 10 12

8 2 6 18

4
10 6 20 15 12 20 14

4 8 4 7

4
17 17 8 18 13 18 12

11 7 4 16

4
15 2 1 3 4 20 5

13 19 2 12

4
12 19 14 16 8 17 0

3 17 8 20

4
10 3 9 13 5 14 0

8 16 5 16

4
3 20 9 20 16 19 6

4 11 5 17

4
16 0 19 10 15 0 3

11 9 7 1

4
7 18 2 2 15 2 17

4 4 15 17

4
5 8 16 19 13 6 17

6 9 12 20

4
11 14 16 14 3 7 7

2 10 0 18

4
17 7 18 7 0 2 20

1 7 2 1

4
10 2 16 7 8 15 6

17 4 18 18

4
15 7 15 13 6 3 3

13 11 13 13

4
14 1 20 20 3 1 12

10 3 7 6

4
6 17 14 4 13 5 8

14 7 2 14

4
17 3 1 20 17 0 2

7 5 13 15

4
15 6 12 1 5 12 0

12 8 14 9

4
13 17 15 4 6 9 6

1 18 17 1

4
10 1 1 18 15 16 16

5 1 16 2

4
5 2 19 2 7 12 3

18 7 18 19

4
1 19 2 13 18 18 16

10 8 6 10

4
7 8 12 4 20 9 14

10 2 0 14

4
19 18 3 2 17 6 16

8 4 11 2

4
7 11 9 5 14 17 9

19 20 16 0

4
17 9 3 4 8 3 3

17 4 8 9

4
19 6 10 6 20 8 16

15 8 1 2

4
20 13 8 1 0 10 4

20 8 5 14

4
17 13 17 0 3 2 4

17 1 11 18

4
17 4 13 4 1 9 11

1 11 6 7

4
3 11 17 13 19 4 7

5 5 13 0

4
5 10 13 7 8 5 3

12 1 15 7

4
6 14 11 9 7 7 0

6 12 10 8

4
2 8 11 20 16 12 17

10 0 3 8

4
5 18 8 1 3 19 13

11 10 13 19

4
16 3 12 18 6 8 1

13 0 16 17

4
6 11 13 2 10 19 10

3 9 16 9

4
13 10 12 9 17 4 6

13 12 5 19

4
18 9 12 17 0 9 9

6 13 18 19

4
20 10 14 14 14 6 16

15 5 2 9

4
16 20 19 10 2 7 9

7 6 4 0

4
1 7 15 19 2 14 13

20 18 6 12

4
15 12 7 4 20 0 3

13 7 5 16

4
14 1 17 7 3 14 4

14 16 17 19

4
10 14 19 16 13 17 14

5 15 14 8

4
7 20 8 16 15 20 7

8 14 2 9

4
7 8 10 10 17 2 4

4 7 12 4

4
6 2 13 13 10 17 14

13 1 6 13

4
12 18 0 18 12 15 0

11 9 12 13

4
17 17 19 7 15 7 8

13 15 0 12

4
10 12 5 14 4 19 17

0 12 18 18

4
0 2 20 13 4 14 5

1 8 12 10

4
6 14 10 10 12 8 13

8 2 15 0

4
17 1 11 7 20 2 20

1 0 7 6

4
0 19 4 7 4 15 3

18 6 14 8

4
11 5 19 19 3 5 9

3 18 0 9

4
18 12 12 6 2 18 20

7 3 9 19

4
3 18 1 11 17 13 11

2 16 20 10

4
0 13 15 3 13 11 20

14 4 13 5

4
16 20 8 19 17 15 14

13 18 8 10

4
7 2 8 14 7 14 18

19 12 10 0

4
15 10 5 15 6 11 8

10 8 19 8

4
17 0 16 6 2 7 13

15 17 7 15

4
20 15 14 0 2 9 7

12 7 9 18

4
11 15 17 16 11 13 17

10 11 14 8

4
9 8 7 3 6 10 3

17 5 6 6

4
15 8 18 16 19 9 3

6 9 7 11

4
5 9 0 17 4 8 1

1 17 9 4

4
20 15 3 0 18 9 15

15 14 10 5

4
1 8 15 3 2 12 15

2 18 20 1

4
4 4 18 9 2 7 3

17 13 19 19

4
19 7 16 12 14 14 9

18 13 9 18

4
19 1 19 3 6 20 6

8 2 5 7

4
5 17 2 5 0 13 14

19 15 9 1

4
7 9 9 14 2 7 8

20 18 6 13

4
3 17 7 20 4 8 4

2 1 5 9

4
19 18 9 14 3 14 9

12 8 16 17

4
15 14 2 19 1 13 10

19 8 0 2

4
7 18 18 0 8 18 1

5 15 16 20

4
14 8 5 18 13 20 15

2 15 11 13

4
10 10 3 5 10 13 15

9 12 17 1

4
14 2 10 8 10 3 12

16 0 17 14

4
13 1 6 16 11 19 15

20 14 1 6

4
8 17 4 9 14 15 3

0 20 19 7

4
5 9 17 0 17 13 2

7 3 14 3

4
20 4 15 9 16 8 13

15 15 7 14

4
17 4 12 6 19 16 4

2 8 13 10

4
16 8 0 9 9 18 18

15 4 14 17

4
15 11 10 17 17 12 14

10 6 7 18

4
12 7 13 1 10 15 12

12 20 4 15

4
1 4 16 18 10 3 14

3 16 14 0

4
4 13 20 4 2 15 8

10 19 12 20

