100
10
81 14 3 94 35 31 28 17 94 13
86 81 14 3 94 35 31 28 17 94
94 86 81 14 3 94 35 31 28 17
69 94 86 81 14 3 94 35 31 28
11 69 94 86 81 14 3 94 35 31
75 11 69 94 86 81 14 3 94 35
54 75 11 69 94 86 81 14 3 94
4 54 75 11 69 94 86 81 14 3
3 4 54 75 11 69 94 86 81 14
11 3 4 54 75 11 69 94 86 81

27 29 64 77 3 71 25 91 83 89

10
69 53 28 57 75 35 0 97 20 89
54 69 53 28 57 75 35 0 97 20
43 54 69 53 28 57 75 35 0 97
35 43 54 69 53 28 57 75 35 0
19 35 43 54 69 53 28 57 75 35
27 19 35 43 54 69 53 28 57 75
97 27 19 35 43 54 69 53 28 57
43 97 27 19 35 43 54 69 53 28
13 43 97 27 19 35 43 54 69 53
11 13 43 97 27 19 35 43 54 69

48 12 45 44 77 33 5 93 58 68

10
15 48 10 70 37 80 79 46 73 24
90 15 48 10 70 37 80 79 46 73
8 90 15 48 10 70 37 80 79 46
5 8 90 15 48 10 70 37 80 79
84 5 8 90 15 48 10 70 37 80
29 84 5 8 90 15 48 10 70 37
98 29 84 5 8 90 15 48 10 70
37 98 29 84 5 8 90 15 48 10
10 37 98 29 84 5 8 90 15 48
29 10 37 98 29 84 5 8 90 15

12 48 35 58 81 46 20 47 45 26

10
85 34 89 87 82 9 77 81 21 68
93 85 34 89 87 82 9 77 81 21
31 93 85 34 89 87 82 9 77 81
20 31 93 85 34 89 87 82 9 77
59 20 31 93 85 34 89 87 82 9
48 59 20 31 93 85 34 89 87 82
34 48 59 20 31 93 85 34 89 87
81 34 48 59 20 31 93 85 34 89
88 81 34 48 59 20 31 93 85 34
71 88 81 34 48 59 20 31 93 85

28 87 41 98 99 7 29 4 40 51

10
34 8 27 72 91 40 27 83 63 50
82 34 8 27 72 91 40 27 83 63
58 82 34 8 27 72 91 40 27 83
18 58 82 34 8 27 72 91 40 27
33 18 58 82 34 8 27 72 91 40
17 33 18 58 82 34 8 27 72 91
31 17 33 18 58 82 34 8 27 72
95 31 17 33 18 58 82 34 8 27
71 95 31 17 33 18 58 82 34 8
68 71 95 31 17 33 18 58 82 34

33 95 74 54 74 51 46 28 17 65

10
63 11 96 6 14 19 80 20 87 54
76 63 11 96 6 14 19 80 20 87
8 76 63 11 96 6 14 19 80 20
49 8 76 63 11 96 6 14 19 80
48 49 8 76 63 11 96 6 14 19
76 48 49 8 76 63 11 96 6 14
59 76 48 49 8 76 63 11 96 6
67 59 76 48 49 8 76 63 11 96
32 67 59 76 48 49 8 76 63 11
70 32 67 59 76 48 49 8 76 63

1 87 92 14 87 68 96 34 98 82

10
43 14 37 55 20 58 0 92 92 33
64 43 14 37 55 20 58 0 92 92
97 64 43 14 37 55 20 58 0 92
22 97 64 43 14 37 55 20 58 0
64 22 97 64 43 14 37 55 20 58
13 64 22 97 64 43 14 37 55 20
80 13 64 22 97 64 43 14 37 55
38 80 13 64 22 97 64 43 14 37
81 38 80 13 64 22 97 64 43 14
64 81 38 80 13 64 22 97 64 43

77 25 19 47 97 20 69 99 67 0

10
76 41 62 2 14 46 39 30 7 30
72 76 41 62 2 14 46 39 30 7
10 72 76 41 62 2 14 46 39 30
10 10 72 76 41 62 2 14 46 39
93 10 10 72 76 41 62 2 14 46
62 93 10 10 72 76 41 62 2 14
8 62 93 10 10 72 76 41 62 2
97 8 62 93 10 10 72 76 41 62
68 97 8 62 93 10 10 72 76 41
98 68 97 8 62 93 10 10 72 76

16 16 84 60 70 21 33 67 77 54

10
27 69 96 93 88 25 91 39 51 85
83 27 69 96 93 88 25 91 39 51
47 83 27 69 96 93 88 25 91 39
56 47 83 27 69 96 93 88 25 91
66 56 47 83 27 69 96 93 88 25
57 66 56 47 83 27 69 96 93 88
15 57 66 56 47 83 27 69 96 93
31 15 57 66 56 47 83 27 69 96
28 31 15 57 66 56 47 83 27 69
8 28 31 15 57 66 56 47 83 27

43 2 75 70 29 75 28 0 9 90

10
80 7 29 8 4 42 9 65 30 35
85 80 7 29 8 4 42 9 65 30
62 85 80 7 29 8 4 42 9 65
27 62 85 80 7 29 8 4 42 9
69 27 62 85 80 7 29 8 4 42
16 69 27 62 85 80 7 29 8 4
92 16 69 27 62 85 80 7 29 8
73 92 16 69 27 62 85 80 7 29
73 73 92 16 69 27 62 85 80 7
60 73 73 92 16 69 27 62 85 80

31 100 60 52 24 12 12 84 55 45

10
54 52 59 93 6 86 83 82 12 7
51 54 52 59 93 6 86 83 82 12
93 51 54 52 59 93 6 86 83 82
43 93 51 54 52 59 93 6 86 83
13 43 93 51 54 52 59 93 6 86
31 13 43 93 51 54 52 59 93 6
24 31 13 43 93 51 54 52 59 93
24 24 31 13 43 93 51 54 52 59
68 24 24 31 13 43 93 51 54 52
57 68 24 24 31 13 43 93 51 54

17 54 23 35 59 31 9 56 70 12

10
6 83 69 1 11 96 30 21 52 62
61 6 83 69 1 11 96 30 21 52
27 61 6 83 69 1 11 96 30 21
51 27 61 6 83 69 1 11 96 30
7 51 27 61 6 83 69 1 11 96
21 7 51 27 61 6 83 69 1 11
48 21 7 51 27 61 6 83 69 1
0 48 21 7 51 27 61 6 83 69
49 0 48 21 7 51 27 61 6 83
33 49 0 48 21 7 51 27 61 6

100 100 58 36 54 89 93 100 71 84

10
91 62 19 24 37 27 7 74 94 69
7 91 62 19 24 37 27 7 74 94
95 7 91 62 19 24 37 27 7 74
40 95 7 91 62 19 24 37 27 7
7 40 95 7 91 62 19 24 37 27
6 7 40 95 7 91 62 19 24 37
74 6 7 40 95 7 91 62 19 24
61 74 6 7 40 95 7 91 62 19
64 61 74 6 7 40 95 7 91 62
67 64 61 74 6 7 40 95 7 91

20 7 65 10 23 8 76 8 86 30

10
51 15 72 31 74 76 5 79 10 53
84 51 15 72 31 74 76 5 79 10
74 84 51 15 72 31 74 76 5 79
72 74 84 51 15 72 31 74 76 5
66 72 74 84 51 15 72 31 74 76
40 66 72 74 84 51 15 72 31 74
33 40 66 72 74 84 51 15 72 31
26 33 40 66 72 74 84 51 15 72
85 26 33 40 66 72 74 84 51 15
91 85 26 33 40 66 72 74 84 51

40 30 33 50 16 85 82 38 58 40

10
96 9 1 58 79 72 12 9 68 27
64 96 9 1 58 79 72 12 9 68
33 64 96 9 1 58 79 72 12 9
16 33 64 96 9 1 58 79 72 12
44 16 33 64 96 9 1 58 79 72
8 44 16 33 64 96 9 1 58 79
31 8 44 16 33 64 96 9 1 58
47 31 8 44 16 33 64 96 9 1
36 47 31 8 44 16 33 64 96 9
20 36 47 31 8 44 16 33 64 96

56 69 90 38 78 83 67 1 85 70

10
38 84 13 17 33 14 13 95 70 19
34 38 84 13 17 33 14 13 95 70
36 34 38 84 13 17 33 14 13 95
77 36 34 38 84 13 17 33 14 13
26 77 36 34 38 84 13 17 33 14
91 26 77 36 34 38 84 13 17 33
43 91 26 77 36 34 38 84 13 17
26 43 91 26 77 36 34 38 84 13
87 26 43 91 26 77 36 34 38 84
81 87 26 43 91 26 77 36 34 38

33 64 62 32 6 11 81 54 35 5

10
0 42 98 16 81 33 20 94 56 70
90 0 42 98 16 81 33 20 94 56
54 90 0 42 98 16 81 33 20 94
71 54 90 0 42 98 16 81 33 20
1 71 54 90 0 42 98 16 81 33
14 1 71 54 90 0 42 98 16 81
9 14 1 71 54 90 0 42 98 16
88 9 14 1 71 54 90 0 42 98
19 88 9 14 1 71 54 90 0 42
69 19 88 9 14 1 71 54 90 0

4 47 74 70 18 55 16 5 39 46

10
5 45 26 87 31 85 13 45 99 71
52 5 45 26 87 31 85 13 45 99
79 52 5 45 26 87 31 85 13 45
95 79 52 5 45 26 87 31 85 13
19 95 79 52 5 45 26 87 31 85
30 19 95 79 52 5 45 26 87 31
20 30 19 95 79 52 5 45 26 87
22 20 30 19 95 79 52 5 45 26
52 22 20 30 19 95 79 52 5 45
3 52 22 20 30 19 95 79 52 5

22 94 42 100 52 85 94 31 34 20

10
100 89 13 48 4 60 28 25 58 44
39 100 89 13 48 4 60 28 25 58
29 39 100 89 13 48 4 60 28 25
28 29 39 100 89 13 48 4 60 28
3 28 29 39 100 89 13 48 4 60
84 3 28 29 39 100 89 13 48 4
24 84 3 28 29 39 100 89 13 48
51 24 84 3 28 29 39 100 89 13
42 51 24 84 3 28 29 39 100 89
35 42 51 24 84 3 28 29 39 100

8 98 35 44 82 65 51 86 68 42

10
3 14 33 22 74 33 4 13 76 55
44 3 14 33 22 74 33 4 13 76
93 44 3 14 33 22 74 33 4 13
100 93 44 3 14 33 22 74 33 4
40 100 93 44 3 14 33 22 74 33
55 40 100 93 44 3 14 33 22 74
77 55 40 100 93 44 3 14 33 22
65 77 55 40 100 93 44 3 14 33
14 65 77 55 40 100 93 44 3 14
49 14 65 77 55 40 100 93 44 3

73 24 32 5 90 55 0 66 68 87

10
92 94 94 85 25 46 55 8 85 42
79 92 94 94 85 25 46 55 8 85
40 79 92 94 94 85 25 46 55 8
84 40 79 92 94 94 85 25 46 55
15 84 40 79 92 94 94 85 25 46
92 15 84 40 79 92 94 94 85 25
38 92 15 84 40 79 92 94 94 85
64 38 92 15 84 40 79 92 94 94
39 64 38 92 15 84 40 79 92 94
85 39 64 38 92 15 84 40 79 92

52 41 51 89 37 70 16 24 53 85

10
48 86 95 22 78 72 38 51 70 0
38 48 86 95 22 78 72 38 51 70
36 38 48 86 95 22 78 72 38 51
26 36 38 48 86 95 22 78 72 38
55 26 36 38 48 86 95 22 78 72
100 55 26 36 38 48 86 95 22 78
74 100 55 26 36 38 48 86 95 22
77 74 100 55 26 36 38 48 86 95
83 77 74 100 55 26 36 38 48 86
41 83 77 74 100 55 26 36 38 48

59 56 56 86 27 65 60 94 21 84

10
10 36 65 84 81 79 42 11 96 30
86 10 36 65 84 81 79 42 11 96
39 86 10 36 65 84 81 79 42 11
28 39 86 10 36 65 84 81 79 42
25 28 39 86 10 36 65 84 81 79
18 25 28 39 86 10 36 65 84 81
3 18 25 28 39 86 10 36 65 84
5 3 18 25 28 39 86 10 36 65
31 5 3 18 25 28 39 86 10 36
60 31 5 3 18 25 28 39 86 10

78 98 9 58 53 80 73 24 91 89

10
49 63 51 31 18 83 88 0 96 98
13 49 63 51 31 18 83 88 0 96
99 13 49 63 51 31 18 83 88 0
54 99 13 49 63 51 31 18 83 88
28 54 99 13 49 63 51 31 18 83
22 28 54 99 13 49 63 51 31 18
89 22 28 54 99 13 49 63 51 31
66 89 22 28 54 99 13 49 63 51
59 66 89 22 28 54 99 13 49 63
6 59 66 89 22 28 54 99 13 49

71 31 15 58 17 59 85 67 71 76

10
40 96 56 78 92 64 54 70 57 20
95 40 96 56 78 92 64 54 70 57
60 95 40 96 56 78 92 64 54 70
57 60 95 40 96 56 78 92 64 54
33 57 60 95 40 96 56 78 92 64
96 33 57 60 95 40 96 56 78 92
31 96 33 57 60 95 40 96 56 78
81 31 96 33 57 60 95 40 96 56
35 81 31 96 33 57 60 95 40 96
98 35 81 31 96 33 57 60 95 40

99 66 62 80 30 35 56 9 91 36

10
30 34 42 40 69 10 17 19 29 49
88 30 34 42 40 69 10 17 19 29
19 88 30 34 42 40 69 10 17 19
90 19 88 30 34 42 40 69 10 17
27 90 19 88 30 34 42 40 69 10
8 27 90 19 88 30 34 42 40 69
53 8 27 90 19 88 30 34 42 40
52 53 8 27 90 19 88 30 34 42
42 52 53 8 27 90 19 88 30 34
69 42 52 53 8 27 90 19 88 30

59 53 7 26 53 49 98 74 89 2

10
97 73 48 61 0 45 38 96 49 53
68 97 73 48 61 0 45 38 96 49
95 68 97 73 48 61 0 45 38 96
94 95 68 97 73 48 61 0 45 38
69 94 95 68 97 73 48 61 0 45
77 69 94 95 68 97 73 48 61 0
28 77 69 94 95 68 97 73 48 61
62 28 77 69 94 95 68 97 73 48
28 62 28 77 69 94 95 68 97 73
34 28 62 28 77 69 94 95 68 97

55 62 3 49 43 85 86 51 92 21

10
59 16 79 68 3 50 75 72 84 3
10 59 16 79 68 3 50 75 72 84
82 10 59 16 79 68 3 50 75 72
54 82 10 59 16 79 68 3 50 75
17 54 82 10 59 16 79 68 3 50
59 17 54 82 10 59 16 79 68 3
23 59 17 54 82 10 59 16 79 68
6 23 59 17 54 82 10 59 16 79
33 6 23 59 17 54 82 10 59 16
48 33 6 23 59 17 54 82 10 59

41 27 58 41 43 97 48 35 96 53

10
32 10 60 2 95 69 6 44 28 83
8 32 10 60 2 95 69 6 44 28
99 8 32 10 60 2 95 69 6 44
83 99 8 32 10 60 2 95 69 6
5 83 99 8 32 10 60 2 95 69
96 5 83 99 8 32 10 60 2 95
3 96 5 83 99 8 32 10 60 2
31 3 96 5 83 99 8 32 10 60
25 31 3 96 5 83 99 8 32 10
2 25 31 3 96 5 83 99 8 32

79 19 30 16 60 85 14 72 27 59

10
89 32 98 47 21 77 77 95 91 14
99 89 32 98 47 21 77 77 95 91
20 99 89 32 98 47 21 77 77 95
39 20 99 89 32 98 47 21 77 77
13 39 20 99 89 32 98 47 21 77
74 13 39 20 99 89 32 98 47 21
3 74 13 39 20 99 89 32 98 47
39 3 74 13 39 20 99 89 32 98
73 39 3 74 13 39 20 99 89 32
86 73 39 3 74 13 39 20 99 89

48 50 91 25 9 75 88 80 31 13

10
89 98 38 87 76 15 72 100 5 44
68 89 98 38 87 76 15 72 100 5
54 68 89 98 38 87 76 15 72 100
84 54 68 89 98 38 87 76 15 72
47 84 54 68 89 98 38 87 76 15
8 47 84 54 68 89 98 38 87 76
64 8 47 84 54 68 89 98 38 87
82 64 8 47 84 54 68 89 98 38
43 82 64 8 47 84 54 68 89 98
1 43 82 64 8 47 84 54 68 89

53 62 13 55 46 81 58 90 19 55

10
22 93 66 83 34 78 68 99 61 59
55 22 93 66 83 34 78 68 99 61
93 55 22 93 66 83 34 78 68 99
75 93 55 22 93 66 83 34 78 68
34 75 93 55 22 93 66 83 34 78
41 34 75 93 55 22 93 66 83 34
31 41 34 75 93 55 22 93 66 83
11 31 41 34 75 93 55 22 93 66
35 11 31 41 34 75 93 55 22 93
57 35 11 31 41 34 75 93 55 22

31 96 59 72 78 85 48 43 3 63

10
41 23 62 27 45 33 43 35 76 89
35 41 23 62 27 45 33 43 35 76
71 35 41 23 62 27 45 33 43 35
1 71 35 41 23 62 27 45 33 43
66 1 71 35 41 23 62 27 45 33
24 66 1 71 35 41 23 62 27 45
10 24 66 1 71 35 41 23 62 27
30 10 24 66 1 71 35 41 23 62
92 30 10 24 66 1 71 35 41 23
52 92 30 10 24 66 1 71 35 41

62 71 97 30 88 60 82 91 62 57

10
2 11 37 28 51 88 31 39 84 74
47 2 11 37 28 51 88 31 39 84
60 47 2 11 37 28 51 88 31 39
70 60 47 2 11 37 28 51 88 31
67 70 60 47 2 11 37 28 51 88
44 67 70 60 47 2 11 37 28 51
54 44 67 70 60 47 2 11 37 28
95 54 44 67 70 60 47 2 11 37
70 95 54 44 67 70 60 47 2 11
42 70 95 54 44 67 70 60 47 2

45 89 58 34 39 32 29 15 92 24

10
40 15 95 68 97 88 23 24 27 94
61 40 15 95 68 97 88 23 24 27
35 61 40 15 95 68 97 88 23 24
92 35 61 40 15 95 68 97 88 23
75 92 35 61 40 15 95 68 97 88
97 75 92 35 61 40 15 95 68 97
67 97 75 92 35 61 40 15 95 68
76 67 97 75 92 35 61 40 15 95
36 76 67 97 75 92 35 61 40 15
12 36 76 67 97 75 92 35 61 40

24 37 29 46 22 38 1 90 68 16

10
35 5 6 70 37 89 16 81 96 62
13 35 5 6 70 37 89 16 81 96
1 13 35 5 6 70 37 89 16 81
73 1 13 35 5 6 70 37 89 16
36 73 1 13 35 5 6 70 37 89
60 36 73 1 13 35 5 6 70 37
61 60 36 73 1 13 35 5 6 70
56 61 60 36 73 1 13 35 5 6
43 56 61 60 36 73 1 13 35 5
23 43 56 61 60 36 73 1 13 35

6 32 61 14 8 51 62 9 73 80

10
87 6 19 19 72 38 10 31 15 71
97 87 6 19 19 72 38 10 31 15
53 97 87 6 19 19 72 38 10 31
77 53 97 87 6 19 19 72 38 10
76 77 53 97 87 6 19 19 72 38
79 76 77 53 97 87 6 19 19 72
28 79 76 77 53 97 87 6 19 19
99 28 79 76 77 53 97 87 6 19
66 99 28 79 76 77 53 97 87 6
48 66 99 28 79 76 77 53 97 87

57 56 38 75 54 39 72 79 7 78

10
94 12 97 26 80 27 33 84 10 20
30 94 12 97 26 80 27 33 84 10
22 30 94 12 97 26 80 27 33 84
70 22 30 94 12 97 26 80 27 33
9 70 22 30 94 12 97 26 80 27
20 9 70 22 30 94 12 97 26 80
0 20 9 70 22 30 94 12 97 26
52 0 20 9 70 22 30 94 12 97
57 52 0 20 9 70 22 30 94 12
88 57 52 0 20 9 70 22 30 94

76 60 37 4 29 36 90 36 89 58

10
9 87 29 33 100 80 75 84 25 54
14 9 87 29 33 100 80 75 84 25
69 14 9 87 29 33 100 80 75 84
28 69 14 9 87 29 33 100 80 75
82 28 69 14 9 87 29 33 100 80
19 82 28 69 14 9 87 29 33 100
34 19 82 28 69 14 9 87 29 33
18 34 19 82 28 69 14 9 87 29
9 18 34 19 82 28 69 14 9 87
7 9 18 34 19 82 28 69 14 9

21 39 76 95 72 36 56 15 59 88

10
38 89 51 34 64 69 63 56 10 76
5 38 89 51 34 64 69 63 56 10
55 5 38 89 51 34 64 69 63 56
94 55 5 38 89 51 34 64 69 63
41 94 55 5 38 89 51 34 64 69
77 41 94 55 5 38 89 51 34 64
32 77 41 94 55 5 38 89 51 34
3 32 77 41 94 55 5 38 89 51
11 3 32 77 41 94 55 5 38 89
29 11 3 32 77 41 94 55 5 38

86 73 75 2 97 86 34 73 5 97

10
96 22 60 66 83 56 35 23 74 55
81 96 22 60 66 83 56 35 23 74
62 81 96 22 60 66 83 56 35 23
11 62 81 96 22 60 66 83 56 35
60 11 62 81 96 22 60 66 83 56
44 60 11 62 81 96 22 60 66 83
52 44 60 11 62 81 96 22 60 66
42 52 44 60 11 62 81 96 22 60
41 42 52 44 60 11 62 81 96 22
85 41 42 52 44 60 11 62 81 96

13 20 42 52 88 63 36 84 51 97

10
70 4 58 11 40 32 41 14 98 51
65 70 4 58 11 40 32 41 14 98
0 65 70 4 58 11 40 32 41 14
84 0 65 70 4 58 11 40 32 41
69 84 0 65 70 4 58 11 40 32
59 69 84 0 65 70 4 58 11 40
52 59 69 84 0 65 70 4 58 11
6 52 59 69 84 0 65 70 4 58
24 6 52 59 69 84 0 65 70 4
66 24 6 52 59 69 84 0 65 70

46 79 96 63 80 56 97 6 26 34

10
70 16 36 56 89 62 15 3 80 77
30 70 16 36 56 89 62 15 3 80
90 30 70 16 36 56 89 62 15 3
20 90 30 70 16 36 56 89 62 15
39 20 90 30 70 16 36 56 89 62
70 39 20 90 30 70 16 36 56 89
1 70 39 20 90 30 70 16 36 56
70 1 70 39 20 90 30 70 16 36
52 70 1 70 39 20 90 30 70 16
11 52 70 1 70 39 20 90 30 70

28 14 59 15 82 19 63 91 37 65

10
90 34 53 61 60 31 58 70 18 49
24 90 34 53 61 60 31 58 70 18
76 24 90 34 53 61 60 31 58 70
65 76 24 90 34 53 61 60 31 58
95 65 76 24 90 34 53 61 60 31
17 95 65 76 24 90 34 53 61 60
8 17 95 65 76 24 90 34 53 61
35 8 17 95 65 76 24 90 34 53
98 35 8 17 95 65 76 24 90 34
53 98 35 8 17 95 65 76 24 90

43 100 64 34 0 36 92 38 75 74

10
84 62 19 57 68 61 44 42 70 97
69 84 62 19 57 68 61 44 42 70
48 69 84 62 19 57 68 61 44 42
58 48 69 84 62 19 57 68 61 44
41 58 48 69 84 62 19 57 68 61
24 41 58 48 69 84 62 19 57 68
89 24 41 58 48 69 84 62 19 57
30 89 24 41 58 48 69 84 62 19
73 30 89 24 41 58 48 69 84 62
49 73 30 89 24 41 58 48 69 84

29 99 52 5 40 95 60 90 48 49

10
84 83 19 63 4 16 64 75 42 12
56 84 83 19 63 4 16 64 75 42
12 56 84 83 19 63 4 16 64 75
67 12 56 84 83 19 63 4 16 64
58 67 12 56 84 83 19 63 4 16
1 58 67 12 56 84 83 19 63 4
92 1 58 67 12 56 84 83 19 63
18 92 1 58 67 12 56 84 83 19
52 18 92 1 58 67 12 56 84 83
83 52 18 92 1 58 67 12 56 84

19 9 60 100 33 43 79 88 50 83

10
10 42 86 68 48 40 80 91 97 62
69 10 42 86 68 48 40 80 91 97
4 69 10 42 86 68 48 40 80 91
79 4 69 10 42 86 68 48 40 80
8 79 4 69 10 42 86 68 48 40
30 8 79 4 69 10 42 86 68 48
80 30 8 79 4 69 10 42 86 68
87 80 30 8 79 4 69 10 42 86
36 87 80 30 8 79 4 69 10 42
29 36 87 80 30 8 79 4 69 10

95 11 55 12 97 81 90 12 56 21

10
88 38 3 5 41 7 37 45 47 55
18 88 38 3 5 41 7 37 45 47
31 18 88 38 3 5 41 7 37 45
67 31 18 88 38 3 5 41 7 37
52 67 31 18 88 38 3 5 41 7
72 52 67 31 18 88 38 3 5 41
87 72 52 67 31 18 88 38 3 5
23 87 72 52 67 31 18 88 38 3
21 23 87 72 52 67 31 18 88 38
22 21 23 87 72 52 67 31 18 88

10 78 48 79 87 30 63 74 18 29

10
59 81 32 58 32 85 1 59 36 86
69 59 81 32 58 32 85 1 59 36
20 69 59 81 32 58 32 85 1 59
9 20 69 59 81 32 58 32 85 1
56 9 20 69 59 81 32 58 32 85
44 56 9 20 69 59 81 32 58 32
75 44 56 9 20 69 59 81 32 58
38 75 44 56 9 20 69 59 81 32
81 38 75 44 56 9 20 69 59 81
54 81 38 75 44 56 9 20 69 59

88 32 58 38 25 49 61 13 30 48

10
73 45 73 37 89 37 2 84 50 35
1 73 45 73 37 89 37 2 84 50
72 1 73 45 73 37 89 37 2 84
87 72 1 73 45 73 37 89 37 2
99 87 72 1 73 45 73 37 89 37
95 99 87 72 1 73 45 73 37 89
6 95 99 87 72 1 73 45 73 37
77 6 95 99 87 72 1 73 45 73
95 77 6 95 99 87 72 1 73 45
63 95 77 6 95 99 87 72 1 73

36 99 29 77 45 28 81 24 79 32

10
86 96 92 98 84 87 17 80 12 80
82 86 96 92 98 84 87 17 80 12
5 82 86 96 92 98 84 87 17 80
39 5 82 86 96 92 98 84 87 17
100 39 5 82 86 96 92 98 84 87
56 100 39 5 82 86 96 92 98 84
4 56 100 39 5 82 86 96 92 98
74 4 56 100 39 5 82 86 96 92
46 74 4 56 100 39 5 82 86 96
93 46 74 4 56 100 39 5 82 86

16 11 37 41 95 53 22 25 16 100

10
69 46 67 64 34 21 32 61 37 95
43 69 46 67 64 34 21 32 61 37
14 43 69 46 67 64 34 21 32 61
59 14 43 69 46 67 64 34 21 32
9 59 14 43 69 46 67 64 34 21
18 9 59 14 43 69 46 67 64 34
96 18 9 59 14 43 69 46 67 64
28 96 18 9 59 14 43 69 46 67
86 28 96 18 9 59 14 43 69 46
92 86 28 96 18 9 59 14 43 69

86 50 71 46 11 50 1 33 68 15

10
58 47 86 95 86 33 74 48 81 47
13 58 47 86 95 86 33 74 48 81
86 13 58 47 86 95 86 33 74 48
29 86 13 58 47 86 95 86 33 74
60 29 86 13 58 47 86 95 86 33
3 60 29 86 13 58 47 86 95 86
79 3 60 29 86 13 58 47 86 95
71 79 3 60 29 86 13 58 47 86
41 71 79 3 60 29 86 13 58 47
78 41 71 79 3 60 29 86 13 58

28 82 8 81 59 89 38 83 52 14

10
17 5 4 38 63 14 12 30 68 17
49 17 5 4 38 63 14 12 30 68
58 49 17 5 4 38 63 14 12 30
47 58 49 17 5 4 38 63 14 12
85 47 58 49 17 5 4 38 63 14
95 85 47 58 49 17 5 4 38 63
89 95 85 47 58 49 17 5 4 38
69 89 95 85 47 58 49 17 5 4
53 69 89 95 85 47 58 49 17 5
75 53 69 89 95 85 47 58 49 17

95 93 19 53 83 12 62 78 52 35

10
4 88 47 27 56 56 30 46 12 87
47 4 88 47 27 56 56 30 46 12
69 47 4 88 47 27 56 56 30 46
82 69 47 4 88 47 27 56 56 30
45 82 69 47 4 88 47 27 56 56
7 45 82 69 47 4 88 47 27 56
50 7 45 82 69 47 4 88 47 27
35 50 7 45 82 69 47 4 88 47
24 35 50 7 45 82 69 47 4 88
15 24 35 50 7 45 82 69 47 4

58 11 84 27 82 81 76 2 6 100

10
42 31 16 100 72 26 8 97 70 26
75 42 31 16 100 72 26 8 97 70
27 75 42 31 16 100 72 26 8 97
29 27 75 42 31 16 100 72 26 8
42 29 27 75 42 31 16 100 72 26
99 42 29 27 75 42 31 16 100 72
18 99 42 29 27 75 42 31 16 100
100 18 99 42 29 27 75 42 31 16
76 100 18 99 42 29 27 75 42 31
0 76 100 18 99 42 29 27 75 42

35 18 16 69 32 22 14 84 3 16

10
1 45 100 30 75 41 2 22 33 6
16 1 45 100 30 75 41 2 22 33
94 16 1 45 100 30 75 41 2 22
53 94 16 1 45 100 30 75 41 2
67 53 94 16 1 45 100 30 75 41
14 67 53 94 16 1 45 100 30 75
95 14 67 53 94 16 1 45 100 30
8 95 14 67 53 94 16 1 45 100
60 8 95 14 67 53 94 16 1 45
57 60 8 95 14 67 53 94 16 1

99 46 65 75 13 57 64 28 78 5

10
93 100 84 66 38 58 82 3 7 61
51 93 100 84 66 38 58 82 3 7
54 51 93 100 84 66 38 58 82 3
87 54 51 93 100 84 66 38 58 82
13 87 54 51 93 100 84 66 38 58
62 13 87 54 51 93 100 84 66 38
91 62 13 87 54 51 93 100 84 66
56 91 62 13 87 54 51 93 100 84
9 56 91 62 13 87 54 51 93 100
10 9 56 91 62 13 87 54 51 93

41 77 18 8 16 35 79 81 74 70

10
91 41 48 76 67 37 58 64 77 55
12 91 41 48 76 67 37 58 64 77
89 12 91 41 48 76 67 37 58 64
14 89 12 91 41 48 76 67 37 58
83 14 89 12 91 41 48 76 67 37
83 83 14 89 12 91 41 48 76 67
98 83 83 14 89 12 91 41 48 76
70 98 83 83 14 89 12 91 41 48
92 70 98 83 83 14 89 12 91 41
27 92 70 98 83 83 14 89 12 91

55 57 29 52 43 58 51 53 93 12

10
40 54 40 85 32 47 19 87 60 8
11 40 54 40 85 32 47 19 87 60
10 11 40 54 40 85 32 47 19 87
11 10 11 40 54 40 85 32 47 19
55 11 10 11 40 54 40 85 32 47
12 55 11 10 11 40 54 40 85 32
95 12 55 11 10 11 40 54 40 85
94 95 12 55 11 10 11 40 54 40
47 94 95 12 55 11 10 11 40 54
16 47 94 95 12 55 11 10 11 40

71 7 75 71 71 42 85 15 52 45

10
85 96 54 92 6 36 76 39 45 13
73 85 96 54 92 6 36 76 39 45
64 73 85 96 54 92 6 36 76 39
27 64 73 85 96 54 92 6 36 76
19 27 64 73 85 96 54 92 6 36
84 19 27 64 73 85 96 54 92 6
61 84 19 27 64 73 85 96 54 92
28 61 84 19 27 64 73 85 96 54
13 28 61 84 19 27 64 73 85 96
44 13 28 61 84 19 27 64 73 85

71 47 14 97 35 73 28 54 71 98

10
79 78 86 82 71 3 77 84 88 34
3 79 78 86 82 71 3 77 84 88
23 3 79 78 86 82 71 3 77 84
34 23 3 79 78 86 82 71 3 77
89 34 23 3 79 78 86 82 71 3
97 89 34 23 3 79 78 86 82 71
39 97 89 34 23 3 79 78 86 82
43 39 97 89 34 23 3 79 78 86
44 43 39 97 89 34 23 3 79 78
0 44 43 39 97 89 34 23 3 79

23 18 72 84 51 8 18 94 81 3

10
11 95 67 27 48 53 58 43 20 47
39 11 95 67 27 48 53 58 43 20
92 39 11 95 67 27 48 53 58 43
41 92 39 11 95 67 27 48 53 58
99 41 92 39 11 95 67 27 48 53
72 99 41 92 39 11 95 67 27 48
76 72 99 41 92 39 11 95 67 27
10 76 72 99 41 92 39 11 95 67
6 10 76 72 99 41 92 39 11 95
19 6 10 76 72 99 41 92 39 11

20 96 79 6 86 10 34 56 84 54

10
62 77 56 53 34 27 96 65 14 44
55 62 77 56 53 34 27 96 65 14
14 55 62 77 56 53 34 27 96 65
36 14 55 62 77 56 53 34 27 96
86 36 14 55 62 77 56 53 34 27
86 86 36 14 55 62 77 56 53 34
75 86 86 36 14 55 62 77 56 53
62 75 86 86 36 14 55 62 77 56
67 62 75 86 86 36 14 55 62 77
85 67 62 75 86 86 36 14 55 62

39 5 28 50 76 7 0 26 38 27

10
98 17 97 32 37 41 15 0 63 95
55 98 17 97 32 37 41 15 0 63
22 55 98 17 97 32 37 41 15 0
16 22 55 98 17 97 32 37 41 15
48 16 22 55 98 17 97 32 37 41
68 48 16 22 55 98 17 97 32 37
90 68 48 16 22 55 98 17 97 32
29 90 68 48 16 22 55 98 17 97
64 29 90 68 48 16 22 55 98 17
71 64 29 90 68 48 16 22 55 98

85 45 9 50 94 5 55 2 58 9

10
40 73 54 73 51 90 81 53 37 14
51 40 73 54 73 51 90 81 53 37
2 51 40 73 54 73 51 90 81 53
41 2 51 40 73 54 73 51 90 81
21 41 2 51 40 73 54 73 51 90
79 21 41 2 51 40 73 54 73 51
58 79 21 41 2 51 40 73 54 73
88 58 79 21 41 2 51 40 73 54
46 88 58 79 21 41 2 51 40 73
11 46 88 58 79 21 41 2 51 40

55 13 31 55 75 51 67 10 50 39

10
95 43 28 42 99 21 9 65 81 14
67 95 43 28 42 99 21 9 65 81
65 67 95 43 28 42 99 21 9 65
24 65 67 95 43 28 42 99 21 9
99 24 65 67 95 43 28 42 99 21
44 99 24 65 67 95 43 28 42 99
44 44 99 24 65 67 95 43 28 42
93 44 44 99 24 65 67 95 43 28
82 93 44 44 99 24 65 67 95 43
18 82 93 44 44 99 24 65 67 95

30 13 18 32 25 22 77 19 97 97

10
83 9 22 98 80 63 59 96 72 97
74 83 9 22 98 80 63 59 96 72
57 74 83 9 22 98 80 63 59 96
87 57 74 83 9 22 98 80 63 59
72 87 57 74 83 9 22 98 80 63
82 72 87 57 74 83 9 22 98 80
81 82 72 87 57 74 83 9 22 98
79 81 82 72 87 57 74 83 9 22
41 79 81 82 72 87 57 74 83 9
80 41 79 81 82 72 87 57 74 83

40 19 56 8 60 56 80 38 35 75

10
7 45 64 9 39 59 57 4 7 47
36 7 45 64 9 39 59 57 4 7
9 36 7 45 64 9 39 59 57 4
82 9 36 7 45 64 9 39 59 57
11 82 9 36 7 45 64 9 39 59
78 11 82 9 36 7 45 64 9 39
76 78 11 82 9 36 7 45 64 9
64 76 78 11 82 9 36 7 45 64
49 64 76 78 11 82 9 36 7 45
59 49 64 76 78 11 82 9 36 7

74 70 94 5 57 73 83 24 41 77

10
60 64 19 7 57 13 43 91 10 64
82 60 64 19 7 57 13 43 91 10
22 82 60 64 19 7 57 13 43 91
5 22 82 60 64 19 7 57 13 43
31 5 22 82 60 64 19 7 57 13
90 31 5 22 82 60 64 19 7 57
56 90 31 5 22 82 60 64 19 7
56 56 90 31 5 22 82 60 64 19
67 56 56 90 31 5 22 82 60 64
66 67 56 56 90 31 5 22 82 60

78 20 46 47 36 49 52 99 43 86

10
76 6 80 82 42 8 42 12 71 86
49 76 6 80 82 42 8 42 12 71
36 49 76 6 80 82 42 8 42 12
32 36 49 76 6 80 82 42 8 42
92 32 36 49 76 6 80 82 42 8
84 92 32 36 49 76 6 80 82 42
77 84 92 32 36 49 76 6 80 82
19 77 84 92 32 36 49 76 6 80
42 19 77 84 92 32 36 49 76 6
10 42 19 77 84 92 32 36 49 76

74 84 18 44 39 83 89 84 50 16

10
76 90 10 39 71 48 82 42 16 85
89 76 90 10 39 71 48 82 42 16
94 89 76 90 10 39 71 48 82 42
87 94 89 76 90 10 39 71 48 82
67 87 94 89 76 90 10 39 71 48
11 67 87 94 89 76 90 10 39 71
82 11 67 87 94 89 76 90 10 39
85 82 11 67 87 94 89 76 90 10
54 85 82 11 67 87 94 89 76 90
65 54 85 82 11 67 87 94 89 76

46 2 46 39 23 27 43 98 62 24

10
28 17 19 9 37 100 12 64 98 69
94 28 17 19 9 37 100 12 64 98
67 94 28 17 19 9 37 100 12 64
4 67 94 28 17 19 9 37 100 12
84 4 67 94 28 17 19 9 37 100
43 84 4 67 94 28 17 19 9 37
98 43 84 4 67 94 28 17 19 9
79 98 43 84 4 67 94 28 17 19
16 79 98 43 84 4 67 94 28 17
76 16 79 98 43 84 4 67 94 28

48 19 20 23 88 98 79 21 92 56

10
5 52 46 86 92 30 56 78 36 96
95 5 52 46 86 92 30 56 78 36
100 95 5 52 46 86 92 30 56 78
57 100 95 5 52 46 86 92 30 56
29 57 100 95 5 52 46 86 92 30
68 29 57 100 95 5 52 46 86 92
30 68 29 57 100 95 5 52 46 86
39 30 68 29 57 100 95 5 52 46
100 39 30 68 29 57 100 95 5 52
60 100 39 30 68 29 57 100 95 5

24 47 86 73 56 59 98 36 99 48

10
64 67 53 20 25 77 17 32 6 82
61 64 67 53 20 25 77 17 32 6
47 61 64 67 53 20 25 77 17 32
70 47 61 64 67 53 20 25 77 17
13 70 47 61 64 67 53 20 25 77
91 13 70 47 61 64 67 53 20 25
66 91 13 70 47 61 64 67 53 20
15 66 91 13 70 47 61 64 67 53
36 15 66 91 13 70 47 61 64 67
10 36 15 66 91 13 70 47 61 64

97 20 34 57 65 18 55 11 28 57

10
44 3 53 6 50 64 47 30 49 10
47 44 3 53 6 50 64 47 30 49
28 47 44 3 53 6 50 64 47 30
3 28 47 44 3 53 6 50 64 47
40 3 28 47 44 3 53 6 50 64
12 40 3 28 47 44 3 53 6 50
91 12 40 3 28 47 44 3 53 6
83 91 12 40 3 28 47 44 3 53
42 83 91 12 40 3 28 47 44 3
18 42 83 91 12 40 3 28 47 44

17 4 36 60 89 17 97 90 60 57

10
78 0 10 2 32 27 19 70 93 77
67 78 0 10 2 32 27 19 70 93
54 67 78 0 10 2 32 27 19 70
14 54 67 78 0 10 2 32 27 19
99 14 54 67 78 0 10 2 32 27
36 99 14 54 67 78 0 10 2 32
30 36 99 14 54 67 78 0 10 2
38 30 36 99 14 54 67 78 0 10
15 38 30 36 99 14 54 67 78 0
6 15 38 30 36 99 14 54 67 78

30 53 81 79 58 8 14 63 76 68

10
2 80 65 73 30 91 18 37 54 0
78 2 80 65 73 30 91 18 37 54
45 78 2 80 65 73 30 91 18 37
30 45 78 2 80 65 73 30 91 18
73 30 45 78 2 80 65 73 30 91
53 73 30 45 78 2 80 65 73 30
23 53 73 30 45 78 2 80 65 73
85 23 53 73 30 45 78 2 80 65
85 85 23 53 73 30 45 78 2 80
10 85 85 23 53 73 30 45 78 2

67 46 8 67 69 64 100 64 70 2

10
49 60 5 81 49 47 32 95 2 45
100 49 60 5 81 49 47 32 95 2
8 100 49 60 5 81 49 47 32 95
44 8 100 49 60 5 81 49 47 32
30 44 8 100 49 60 5 81 49 47
93 30 44 8 100 49 60 5 81 49
84 93 30 44 8 100 49 60 5 81
80 84 93 30 44 8 100 49 60 5
13 80 84 93 30 44 8 100 49 60
98 13 80 84 93 30 44 8 100 49

74 94 96 42 17 5 45 69 43 82

10
22 99 87 59 89 61 80 23 17 8
91 22 99 87 59 89 61 80 23 17
99 91 22 99 87 59 89 61 80 23
58 99 91 22 99 87 59 89 61 80
4 58 99 91 22 99 87 59 89 61
37 4 58 99 91 22 99 87 59 89
25 37 4 58 99 91 22 99 87 59
5 25 37 4 58 99 91 22 99 87
25 5 25 37 4 58 99 91 22 99
5 25 5 25 37 4 58 99 91 22

40 39 65 50 69 60 32 4 96 82

10
24 36 45 99 6 83 42 34 15 47
55 24 36 45 99 6 83 42 34 15
51 55 24 36 45 99 6 83 42 34
95 51 55 24 36 45 99 6 83 42
56 95 51 55 24 36 45 99 6 83
49 56 95 51 55 24 36 45 99 6
43 49 56 95 51 55 24 36 45 99
23 43 49 56 95 51 55 24 36 45
63 23 43 49 56 95 51 55 24 36
88 63 23 43 49 56 95 51 55 24

63 47 66 34 10 93 54 10 55 77

10
23 69 37 41 13 10 41 84 37 39
57 23 69 37 41 13 10 41 84 37
77 57 23 69 37 41 13 10 41 84
91 77 57 23 69 37 41 13 10 41
54 91 77 57 23 69 37 41 13 10
21 54 91 77 57 23 69 37 41 13
88 21 54 91 77 57 23 69 37 41
56 88 21 54 91 77 57 23 69 37
44 56 88 21 54 91 77 57 23 69
57 44 56 88 21 54 91 77 57 23

5 93 45 78 55 35 81 7 9 85

10
81 51 46 65 95 86 20 3 18 77
86 81 51 46 65 95 86 20 3 18
100 86 81 51 46 65 95 86 20 3
56 100 86 81 51 46 65 95 86 20
4 56 100 86 81 51 46 65 95 86
16 4 56 100 86 81 51 46 65 95
8 16 4 56 100 86 81 51 46 65
30 8 16 4 56 100 86 81 51 46
99 30 8 16 4 56 100 86 81 51
82 99 30 8 16 4 56 100 86 81

46 46 49 72 4 77 19 86 57 47

10
47 56 97 9 73 17 67 46 50 40
83 47 56 97 9 73 17 67 46 50
35 83 47 56 97 9 73 17 67 46
31 35 83 47 56 97 9 73 17 67
14 31 35 83 47 56 97 9 73 17
3 14 31 35 83 47 56 97 9 73
94 3 14 31 35 83 47 56 97 9
23 94 3 14 31 35 83 47 56 97
63 23 94 3 14 31 35 83 47 56
66 63 23 94 3 14 31 35 83 47

49 71 15 33 99 33 90 57 27 78

10
36 88 62 25 15 17 9 57 22 91
56 36 88 62 25 15 17 9 57 22
11 56 36 88 62 25 15 17 9 57
87 11 56 36 88 62 25 15 17 9
40 87 11 56 36 88 62 25 15 17
85 40 87 11 56 36 88 62 25 15
44 85 40 87 11 56 36 88 62 25
90 44 85 40 87 11 56 36 88 62
8 90 44 85 40 87 11 56 36 88
70 8 90 44 85 40 87 11 56 36

69 37 38 20 91 90 89 81 22 46

10
65 28 15 25 17 30 63 3 46 70
73 65 28 15 25 17 30 63 3 46
47 73 65 28 15 25 17 30 63 3
59 47 73 65 28 15 25 17 30 63
70 59 47 73 65 28 15 25 17 30
16 70 59 47 73 65 28 15 25 17
78 16 70 59 47 73 65 28 15 25
11 78 16 70 59 47 73 65 28 15
8 11 78 16 70 59 47 73 65 28
39 8 11 78 16 70 59 47 73 65

50 91 92 61 67 52 98 52 73 9

10
16 40 82 9 57 59 87 66 44 16
99 16 40 82 9 57 59 87 66 44
70 99 16 40 82 9 57 59 87 66
81 70 99 16 40 82 9 57 59 87
75 81 70 99 16 40 82 9 57 59
23 75 81 70 99 16 40 82 9 57
98 23 75 81 70 99 16 40 82 9
16 98 23 75 81 70 99 16 40 82
55 16 98 23 75 81 70 99 16 40
64 55 16 98 23 75 81 70 99 16

7 15 66 19 38 21 20 41 90 28

10
44 66 36 10 32 25 81 70 35 16
80 44 66 36 10 32 25 81 70 35
38 80 44 66 36 10 32 25 81 70
78 38 80 44 66 36 10 32 25 81
68 78 38 80 44 66 36 10 32 25
11 68 78 38 80 44 66 36 10 32
64 11 68 78 38 80 44 66 36 10
82 64 11 68 78 38 80 44 66 36
21 82 64 11 68 78 38 80 44 66
75 21 82 64 11 68 78 38 80 44

74 19 21 84 79 92 77 43 72 5

10
3 10 5 82 98 73 33 83 26 98
73 3 10 5 82 98 73 33 83 26
53 73 3 10 5 82 98 73 33 83
79 53 73 3 10 5 82 98 73 33
81 79 53 73 3 10 5 82 98 73
3 81 79 53 73 3 10 5 82 98
63 3 81 79 53 73 3 10 5 82
80 63 3 81 79 53 73 3 10 5
69 80 63 3 81 79 53 73 3 10
37 69 80 63 3 81 79 53 73 3

82 38 61 31 87 51 38 58 9 88

10
7 20 56 53 61 59 26 43 77 18
40 7 20 56 53 61 59 26 43 77
91 40 7 20 56 53 61 59 26 43
40 91 40 7 20 56 53 61 59 26
93 40 91 40 7 20 56 53 61 59
44 93 40 91 40 7 20 56 53 61
51 44 93 40 91 40 7 20 56 53
16 51 44 93 40 91 40 7 20 56
97 16 51 44 93 40 91 40 7 20
47 97 16 51 44 93 40 91 40 7

65 71 13 40 30 59 15 34 57 31

10
18 12 6 37 49 78 53 31 20 41
73 18 12 6 37 49 78 53 31 20
92 73 18 12 6 37 49 78 53 31
40 92 73 18 12 6 37 49 78 53
24 40 92 73 18 12 6 37 49 78
97 24 40 92 73 18 12 6 37 49
20 97 24 40 92 73 18 12 6 37
63 20 97 24 40 92 73 18 12 6
65 63 20 97 24 40 92 73 18 12
59 65 63 20 97 24 40 92 73 18

63 39 63 2 11 50 64 58 30 27

10
74 45 6 6 36 63 76 83 86 60
36 74 45 6 6 36 63 76 83 86
68 36 74 45 6 6 36 63 76 83
1 68 36 74 45 6 6 36 63 76
13 1 68 36 74 45 6 6 36 63
55 13 1 68 36 74 45 6 6 36
17 55 13 1 68 36 74 45 6 6
33 17 55 13 1 68 36 74 45 6
93 33 17 55 13 1 68 36 74 45
46 93 33 17 55 13 1 68 36 74

97 51 46 5 51 6 72 71 24 46

10
70 36 9 49 64 57 97 70 35 79
87 70 36 9 49 64 57 97 70 35
78 87 70 36 9 49 64 57 97 70
15 78 87 70 36 9 49 64 57 97
16 15 78 87 70 36 9 49 64 57
12 16 15 78 87 70 36 9 49 64
50 12 16 15 78 87 70 36 9 49
47 50 12 16 15 78 87 70 36 9
43 47 50 12 16 15 78 87 70 36
71 43 47 50 12 16 15 78 87 70

46 96 18 25 77 65 51 64 5 5

10
4 17 91 42 60 66 58 19 77 65
17 4 17 91 42 60 66 58 19 77
41 17 4 17 91 42 60 66 58 19
78 41 17 4 17 91 42 60 66 58
40 78 41 17 4 17 91 42 60 66
20 40 78 41 17 4 17 91 42 60
50 20 40 78 41 17 4 17 91 42
78 50 20 40 78 41 17 4 17 91
94 78 50 20 40 78 41 17 4 17
38 94 78 50 20 40 78 41 17 4

75 43 64 65 68 62 90 72 38 60

10
2 47 42 86 14 53 74 39 92 88
80 2 47 42 86 14 53 74 39 92
3 80 2 47 42 86 14 53 74 39
76 3 80 2 47 42 86 14 53 74
60 76 3 80 2 47 42 86 14 53
33 60 76 3 80 2 47 42 86 14
83 33 60 76 3 80 2 47 42 86
100 83 33 60 76 3 80 2 47 42
99 100 83 33 60 76 3 80 2 47
74 99 100 83 33 60 76 3 80 2

73 29 92 6 74 61 21 67 80 92

10
79 99 48 18 87 31 4 73 89 14
24 79 99 48 18 87 31 4 73 89
2 24 79 99 48 18 87 31 4 73
56 2 24 79 99 48 18 87 31 4
40 56 2 24 79 99 48 18 87 31
53 40 56 2 24 79 99 48 18 87
19 53 40 56 2 24 79 99 48 18
52 19 53 40 56 2 24 79 99 48
88 52 19 53 40 56 2 24 79 99
26 88 52 19 53 40 56 2 24 79

52 64 99 78 60 94 93 7 90 17

10
66 26 71 41 84 61 67 48 40 22
58 66 26 71 41 84 61 67 48 40
68 58 66 26 71 41 84 61 67 48
43 68 58 66 26 71 41 84 61 67
69 43 68 58 66 26 71 41 84 61
45 69 43 68 58 66 26 71 41 84
86 45 69 43 68 58 66 26 71 41
98 86 45 69 43 68 58 66 26 71
92 98 86 45 69 43 68 58 66 26
87 92 98 86 45 69 43 68 58 66

82 88 33 78 61 24 31 35 71 38

10
28 38 98 36 90 26 88 90 62 40
61 28 38 98 36 90 26 88 90 62
44 61 28 38 98 36 90 26 88 90
71 44 61 28 38 98 36 90 26 88
92 71 44 61 28 38 98 36 90 26
35 92 71 44 61 28 38 98 36 90
36 35 92 71 44 61 28 38 98 36
15 36 35 92 71 44 61 28 38 98
73 15 36 35 92 71 44 61 28 38
86 73 15 36 35 92 71 44 61 28

69 48 50 44 98 18 37 5 36 91

10
10 44 56 83 32 95 61 27 25 68
34 10 44 56 83 32 95 61 27 25
71 34 10 44 56 83 32 95 61 27
89 71 34 10 44 56 83 32 95 61
34 89 71 34 10 44 56 83 32 95
17 34 89 71 34 10 44 56 83 32
13 17 34 89 71 34 10 44 56 83
78 13 17 34 89 71 34 10 44 56
94 78 13 17 34 89 71 34 10 44
75 94 78 13 17 34 89 71 34 10

30 31 6 85 67 28 81 29 6 12

10
52 42 91 60 12 87 98 17 0 70
20 52 42 91 60 12 87 98 17 0
52 20 52 42 91 60 12 87 98 17
83 52 20 52 42 91 60 12 87 98
60 83 52 20 52 42 91 60 12 87
61 60 83 52 20 52 42 91 60 12
83 61 60 83 52 20 52 42 91 60
25 83 61 60 83 52 20 52 42 91
96 25 83 61 60 83 52 20 52 42
36 96 25 83 61 60 83 52 20 52

41 36 82 7 98 11 83 73 29 68

