10
5
7 1 0 1 9
0 7 1 0 1
10 0 7 1 0
1 10 0 7 1
1 1 10 0 7

5 3 0 0 0

5
5 10 9 7 9
7 5 10 9 7
2 7 5 10 9
1 2 7 5 10
2 1 2 7 5

1 0 8 7 3

5
1 10 8 7 1
9 1 10 8 7
10 9 1 10 8
1 10 9 1 10
8 1 10 9 1

9 0 4 8 1

5
10 4 7 5 4
3 10 4 7 5
10 3 10 4 7
3 10 3 10 4
7 3 10 3 10

8 10 0 8 1

5
0 5 2 7 10
6 0 5 2 7
2 6 0 5 2
0 2 6 0 5
1 0 2 6 0

9 7 2 1 8

5
3 2 0 5 1
8 3 2 0 5
2 8 3 2 0
10 2 8 3 2
4 10 2 8 3

7 0 6 4 10

5
0 2 4 2 4
2 0 2 4 2
7 2 0 2 4
0 7 2 0 2
9 0 7 2 0

6 5 7 5 9

5
7 7 0 7 9
2 7 7 0 7
7 2 7 7 0
8 7 2 7 7
7 8 7 2 7

4 4 1 2 6

5
6 1 8 1 7
6 6 1 8 1
10 6 6 1 8
4 10 6 6 1
10 4 10 6 6

3 5 1 2 9

5
4 2 5 7 1
1 4 2 5 7
6 1 4 2 5
3 6 1 4 2
0 3 6 1 4

4 0 3 8 1

